,address,gu,dong,mac_score,lot_score,burgerking_score,kfc_score,ministop_score,seveneleven_score,cu_score,gs25_score,starbucks_score,lottecinema_score,megabox_score,cgv_score,total_score,high_oil,oil,oil2,total,catch,percent
0,서울특별시,,,0.0,0.0,0.0,0.0,0.0,0.0,0.0,0.0,0.0,0.0,0.0,0.0,0.0,0.0,0.0,0.0,0,0,0.0
1,서울특별시 종로구,,,0.0,0.0,0.0,0.0,0.0,0.0,0.0,0.0,0.0,0.0,0.0,0.0,0.0,0.0,0.0,0.0,0,0,0.0
2,서울특별시 종로구 청운동,종로구,청운동,0.0,0.0,0.0,0.0,0.0,0.0,0.0,0.125,0.0,0.0,0.0,0.0,0.125,0.0,0.0,0.0,3690,3913,106.0
3,서울특별시 종로구 신교동,종로구,신교동,0.0,0.0,0.0,0.0,0.0,0.0,0.13333333333333333,0.0,0.0,0.0,0.0,0.0,0.13333333333333333,0.0,0.0,0.0,3690,3913,106.0
4,서울특별시 종로구 궁정동,종로구,궁정동,0.0,0.0,0.0,0.0,0.0,0.0,0.0,0.0,0.0,0.0,0.0,0.0,0.0,0.0,0.0,0.0,3690,3913,106.0
5,서울특별시 종로구 효자동,종로구,효자동,0.0,0.0,0.0,0.0,0.0,0.0,0.13333333333333333,0.0,0.0,0.0,0.0,0.0,0.13333333333333333,0.0,0.0,0.0,3690,3913,106.0
6,서울특별시 종로구 창성동,종로구,창성동,0.0,0.0,0.0,0.0,0.0,0.2127659574468085,0.0,0.0,0.0,0.0,0.0,0.0,0.2127659574468085,0.0,0.0,0.0,3690,3913,106.0
7,서울특별시 종로구 통의동,종로구,통의동,0.0,0.0,0.0,0.0,0.0,0.2127659574468085,0.0,0.0,0.43478260869565216,0.0,0.0,0.0,0.6475485661424607,0.0,0.0,0.0,3690,3913,106.0
8,서울특별시 종로구 적선동,종로구,적선동,0.0,0.0,0.0,0.0,0.0,0.0,0.13333333333333333,0.0,0.8695652173913043,0.0,0.0,0.0,1.0028985507246377,0.0,0.0,0.0,3690,3913,106.0
9,서울특별시 종로구 통인동,종로구,통인동,0.0,0.0,0.0,0.0,0.0,0.0,0.0,0.0,0.0,0.0,0.0,0.0,0.0,0.0,0.0,0.0,3690,3913,106.0
10,서울특별시 종로구 누상동,종로구,누상동,0.0,0.0,0.0,0.0,0.0,0.2127659574468085,0.0,0.25,0.0,0.0,0.0,0.0,0.4627659574468085,0.0,0.0,0.0,3690,3913,106.0
11,서울특별시 종로구 누하동,종로구,누하동,0.0,0.0,0.0,0.0,0.0,0.0,0.0,0.25,0.0,0.0,0.0,0.0,0.25,0.0,0.0,0.0,3690,3913,106.0
12,서울특별시 종로구 옥인동,종로구,옥인동,0.0,0.0,0.0,0.0,0.0,0.0,0.13333333333333333,0.0,0.0,0.0,0.0,0.0,0.13333333333333333,0.0,0.0,0.0,3690,3913,106.0
13,서울특별시 종로구 체부동,종로구,체부동,0.0,0.0,0.0,0.0,0.0,0.0,0.0,0.125,0.0,0.0,0.0,0.0,0.125,0.0,0.0,0.0,3690,3913,106.0
14,서울특별시 종로구 필운동,종로구,필운동,0.0,0.0,0.0,0.0,0.0,0.2127659574468085,0.26666666666666666,0.0,0.0,0.0,0.0,0.0,0.4794326241134752,0.0,0.0,0.0,3690,3913,106.0
15,서울특별시 종로구 내자동,종로구,내자동,0.0,0.0,0.0,0.0,0.0,0.2127659574468085,0.13333333333333333,0.0,0.0,0.0,0.0,0.0,0.34609929078014184,0.0,0.0,0.0,3690,3913,106.0
16,서울특별시 종로구 사직동,종로구,사직동,0.0,0.0,0.0,0.0,0.0,0.2127659574468085,0.0,0.125,0.43478260869565216,0.0,0.0,0.0,0.7725485661424607,2385.0,2178.0,1996.0,3690,3913,106.0
17,서울특별시 종로구 도렴동,종로구,도렴동,0.0,0.0,0.0,0.0,0.0,0.0,0.0,0.125,0.0,0.0,0.0,0.0,0.125,0.0,0.0,0.0,3690,3913,106.0
18,서울특별시 종로구 당주동,종로구,당주동,0.0,0.0,0.0,0.0,0.6666666666666666,0.425531914893617,0.0,0.0,0.43478260869565216,0.0,0.0,0.0,1.5269811902559358,0.0,0.0,0.0,3690,3913,106.0
19,서울특별시 종로구 내수동,종로구,내수동,0.0,0.0,0.0,0.0,0.6666666666666666,0.2127659574468085,0.0,0.25,0.0,0.0,0.0,0.0,1.1294326241134751,0.0,0.0,0.0,3690,3913,106.0
20,서울특별시 종로구 세종로,종로구,세종로,0.0,0.0,0.0,2.5,0.0,0.2127659574468085,0.0,0.0,0.43478260869565216,0.0,0.0,0.0,3.147548566142461,0.0,0.0,0.0,3690,3913,106.0
21,서울특별시 종로구 신문로1가,종로구,신문로1가,0.0,0.0,0.0,0.0,0.0,0.0,0.26666666666666666,0.125,0.43478260869565216,0.0,0.0,0.0,0.8264492753623188,0.0,0.0,0.0,3690,3913,106.0
22,서울특별시 종로구 신문로2가,종로구,신문로2가,0.0,0.0,0.0,0.0,0.0,0.0,0.13333333333333333,0.125,0.0,0.0,0.0,0.0,0.2583333333333333,0.0,0.0,0.0,3690,3913,106.0
23,서울특별시 종로구 청진동,종로구,청진동,0.0,0.0,0.0,0.0,0.0,0.425531914893617,0.26666666666666666,0.625,0.8695652173913043,0.0,0.0,0.0,2.186763798951588,0.0,0.0,0.0,3690,3913,106.0
24,서울특별시 종로구 서린동,종로구,서린동,0.0,0.0,0.0,2.5,0.0,0.0,0.13333333333333333,0.125,0.8695652173913043,0.0,0.0,0.0,3.6278985507246375,0.0,0.0,0.0,3690,3913,106.0
25,서울특별시 종로구 수송동,종로구,수송동,0.0,0.0,3.333333333333333,0.0,0.0,0.6382978723404255,0.26666666666666666,0.375,1.3043478260869565,0.0,0.0,0.0,5.917645698427382,0.0,0.0,0.0,3690,3913,106.0
26,서울특별시 종로구 중학동,종로구,중학동,0.0,0.0,0.0,0.0,0.0,0.0,0.13333333333333333,0.125,0.43478260869565216,0.0,0.0,0.0,0.6931159420289854,2388.0,2176.0,1997.0,3690,3913,106.0
27,서울특별시 종로구 종로1가,종로구,종로1가,0.0,0.0,0.0,0.0,0.0,0.2127659574468085,0.0,0.0,0.0,0.0,0.0,0.0,0.2127659574468085,0.0,0.0,0.0,3690,3913,106.0
28,서울특별시 종로구 공평동,종로구,공평동,0.0,0.0,0.0,0.0,0.0,0.2127659574468085,0.13333333333333333,0.125,0.0,0.0,0.0,0.0,0.4710992907801418,0.0,0.0,0.0,3690,3913,106.0
29,서울특별시 종로구 관훈동,종로구,관훈동,0.0,0.0,0.0,0.0,0.0,0.0,0.13333333333333333,0.5,0.0,0.0,0.0,0.0,0.6333333333333333,0.0,0.0,0.0,3690,3913,106.0
30,서울특별시 종로구 견지동,종로구,견지동,0.0,0.0,0.0,0.0,0.6666666666666666,0.2127659574468085,0.0,0.0,0.0,0.0,0.0,0.0,0.8794326241134751,0.0,0.0,0.0,3690,3913,106.0
31,서울특별시 종로구 와룡동,종로구,와룡동,0.0,0.0,0.0,0.0,0.0,0.2127659574468085,0.13333333333333333,0.125,0.0,0.0,0.0,0.0,0.4710992907801418,0.0,0.0,0.0,3690,3913,106.0
32,서울특별시 종로구 권농동,종로구,권농동,0.0,0.0,0.0,0.0,0.0,0.0,0.0,0.0,0.0,0.0,0.0,0.0,0.0,0.0,0.0,0.0,3690,3913,106.0
33,서울특별시 종로구 운니동,종로구,운니동,0.0,0.0,0.0,0.0,0.0,0.0,0.13333333333333333,0.125,0.0,0.0,0.0,0.0,0.2583333333333333,0.0,0.0,0.0,3690,3913,106.0
34,서울특별시 종로구 익선동,종로구,익선동,0.0,0.0,0.0,0.0,0.0,0.2127659574468085,0.13333333333333333,0.125,0.0,0.0,0.0,0.0,0.4710992907801418,0.0,0.0,0.0,3690,3913,106.0
35,서울특별시 종로구 경운동,종로구,경운동,0.0,0.0,0.0,0.0,0.0,0.2127659574468085,0.0,0.0,0.0,0.0,0.0,0.0,0.2127659574468085,0.0,1999.0,1899.0,3690,3913,106.0
36,서울특별시 종로구 관철동,종로구,관철동,0.0,0.0,0.0,0.0,1.3333333333333333,0.851063829787234,0.26666666666666666,0.25,0.8695652173913043,0.0,0.0,0.0,3.5706290471785382,0.0,0.0,0.0,3690,3913,106.0
37,서울특별시 종로구 인사동,종로구,인사동,0.0,0.0,0.0,0.0,0.0,0.2127659574468085,0.13333333333333333,0.0,0.43478260869565216,0.0,0.0,0.0,0.780881899475794,0.0,0.0,0.0,3690,3913,106.0
38,서울특별시 종로구 낙원동,종로구,낙원동,0.0,0.0,0.0,0.0,0.6666666666666666,0.425531914893617,0.4,0.125,0.0,0.0,0.0,0.0,1.6171985815602836,0.0,0.0,0.0,3690,3913,106.0
39,서울특별시 종로구 종로2가,종로구,종로2가,0.0,1.25,3.333333333333333,2.5,0.0,0.2127659574468085,0.13333333333333333,0.125,0.8695652173913043,0.0,0.0,0.0,8.423997841504779,0.0,0.0,0.0,3690,3913,106.0
40,서울특별시 종로구 팔판동,종로구,팔판동,0.0,0.0,0.0,0.0,0.0,0.0,0.0,0.0,0.0,0.0,0.0,0.0,0.0,0.0,0.0,0.0,3690,3913,106.0
41,서울특별시 종로구 삼청동,종로구,삼청동,0.0,0.0,0.0,0.0,0.0,0.0,0.13333333333333333,0.125,0.43478260869565216,0.0,0.0,0.0,0.6931159420289854,0.0,0.0,0.0,3690,3913,106.0
42,서울특별시 종로구 안국동,종로구,안국동,3.333333333333333,0.0,0.0,0.0,0.0,0.2127659574468085,0.0,0.0,0.0,0.0,0.0,0.0,3.5460992907801416,0.0,0.0,0.0,3690,3913,106.0
43,서울특별시 종로구 소격동,종로구,소격동,0.0,0.0,0.0,0.0,0.0,0.0,0.0,0.125,0.0,0.0,0.0,0.0,0.125,0.0,0.0,0.0,3690,3913,106.0
44,서울특별시 종로구 화동,종로구,화동,0.0,0.0,0.0,0.0,0.0,0.0,0.0,0.0,0.0,0.0,0.0,0.0,0.0,0.0,0.0,0.0,3690,3913,106.0
45,서울특별시 종로구 사간동,종로구,사간동,0.0,0.0,0.0,0.0,0.0,0.2127659574468085,0.0,0.0,0.0,0.0,0.0,0.0,0.2127659574468085,0.0,0.0,0.0,3690,3913,106.0
46,서울특별시 종로구 송현동,종로구,송현동,0.0,0.0,0.0,0.0,0.0,0.0,0.0,0.0,0.0,0.0,0.0,0.0,0.0,0.0,0.0,0.0,3690,3913,106.0
47,서울특별시 종로구 가회동,종로구,가회동,0.0,0.0,0.0,0.0,0.0,0.0,0.13333333333333333,0.125,0.0,0.0,0.0,0.0,0.2583333333333333,0.0,0.0,0.0,3690,3913,106.0
48,서울특별시 종로구 재동,종로구,재동,0.0,0.0,0.0,0.0,0.0,0.0,0.0,0.125,0.43478260869565216,0.0,0.0,0.0,0.5597826086956521,0.0,0.0,0.0,3690,3913,106.0
49,서울특별시 종로구 계동,종로구,계동,0.0,0.0,0.0,0.0,0.6666666666666666,0.0,0.13333333333333333,0.125,0.43478260869565216,0.0,0.0,0.0,1.3597826086956522,0.0,0.0,0.0,3690,3913,106.0
50,서울특별시 종로구 원서동,종로구,원서동,0.0,0.0,0.0,0.0,0.0,0.0,0.26666666666666666,0.0,0.0,0.0,0.0,0.0,0.26666666666666666,0.0,0.0,0.0,3690,3913,106.0
51,서울특별시 종로구 훈정동,종로구,훈정동,0.0,0.0,0.0,0.0,0.0,0.0,0.0,0.0,0.0,0.0,0.0,0.0,0.0,0.0,0.0,0.0,3690,3913,106.0
52,서울특별시 종로구 묘동,종로구,묘동,0.0,0.0,0.0,0.0,0.0,0.2127659574468085,0.26666666666666666,0.0,0.0,0.0,0.0,0.0,0.4794326241134752,0.0,0.0,0.0,3690,3913,106.0
53,서울특별시 종로구 봉익동,종로구,봉익동,0.0,0.0,0.0,0.0,0.0,0.0,0.0,0.0,0.0,0.0,0.0,0.0,0.0,0.0,0.0,0.0,3690,3913,106.0
54,서울특별시 종로구 돈의동,종로구,돈의동,0.0,0.0,0.0,0.0,0.0,0.425531914893617,0.0,0.0,0.0,0.0,0.0,5.0,5.425531914893617,0.0,0.0,0.0,3690,3913,106.0
55,서울특별시 종로구 장사동,종로구,장사동,0.0,0.0,0.0,0.0,0.0,0.0,0.0,0.125,0.0,0.0,0.0,0.0,0.125,0.0,0.0,0.0,3690,3913,106.0
56,서울특별시 종로구 관수동,종로구,관수동,0.0,0.0,0.0,0.0,0.0,0.425531914893617,0.13333333333333333,0.25,0.8695652173913043,0.0,0.0,0.0,1.6784304656182547,0.0,0.0,0.0,3690,3913,106.0
57,서울특별시 종로구 종로3가,종로구,종로3가,3.333333333333333,0.0,0.0,0.0,0.0,0.0,0.26666666666666666,0.0,0.43478260869565216,0.0,0.0,0.0,4.034782608695652,0.0,0.0,0.0,3690,3913,106.0
58,서울특별시 종로구 인의동,종로구,인의동,0.0,0.0,0.0,0.0,0.0,0.425531914893617,0.0,0.125,0.43478260869565216,0.0,0.0,0.0,0.9853145235892691,0.0,0.0,0.0,3690,3913,106.0
59,서울특별시 종로구 예지동,종로구,예지동,0.0,0.0,0.0,0.0,0.0,0.2127659574468085,0.0,0.0,0.0,0.0,0.0,0.0,0.2127659574468085,0.0,0.0,0.0,3690,3913,106.0
60,서울특별시 종로구 원남동,종로구,원남동,0.0,0.0,0.0,0.0,0.0,0.0,0.13333333333333333,0.0,0.0,0.0,0.0,0.0,0.13333333333333333,0.0,0.0,0.0,3690,3913,106.0
61,서울특별시 종로구 연지동,종로구,연지동,0.0,0.0,0.0,0.0,0.0,0.425531914893617,0.13333333333333333,0.0,0.0,0.0,0.0,0.0,0.5588652482269504,0.0,0.0,0.0,3690,3913,106.0
62,서울특별시 종로구 종로4가,종로구,종로4가,0.0,0.0,0.0,0.0,0.0,0.2127659574468085,0.13333333333333333,0.0,0.0,0.0,0.0,0.0,0.34609929078014184,0.0,0.0,0.0,3690,3913,106.0
63,서울특별시 종로구 효제동,종로구,효제동,0.0,0.0,0.0,0.0,0.0,0.0,0.4,0.25,0.0,0.0,0.0,0.0,0.65,0.0,0.0,0.0,3690,3913,106.0
64,서울특별시 종로구 종로5가,종로구,종로5가,0.0,0.0,0.0,0.0,0.0,0.2127659574468085,0.13333333333333333,0.25,0.0,0.0,0.0,0.0,0.5960992907801418,0.0,0.0,0.0,3690,3913,106.0
65,서울특별시 종로구 종로6가,종로구,종로6가,0.0,0.0,0.0,0.0,1.3333333333333333,0.2127659574468085,0.26666666666666666,0.125,0.0,0.0,0.0,0.0,1.9377659574468085,0.0,0.0,0.0,3690,3913,106.0
66,서울특별시 종로구 이화동,종로구,이화동,0.0,0.0,0.0,0.0,0.0,0.2127659574468085,0.13333333333333333,0.0,0.0,0.0,0.0,0.0,0.34609929078014184,0.0,0.0,0.0,3690,3913,106.0
67,서울특별시 종로구 연건동,종로구,연건동,0.0,0.0,0.0,0.0,0.0,0.2127659574468085,0.4,0.25,0.43478260869565216,0.0,0.0,0.0,1.2975485661424606,0.0,0.0,0.0,3690,3913,106.0
68,서울특별시 종로구 충신동,종로구,충신동,0.0,0.0,0.0,0.0,0.6666666666666666,0.2127659574468085,0.13333333333333333,0.0,0.0,0.0,0.0,0.0,1.0127659574468084,0.0,0.0,0.0,3690,3913,106.0
69,서울특별시 종로구 동숭동,종로구,동숭동,3.333333333333333,0.0,0.0,2.5,0.0,0.425531914893617,0.4,0.625,1.3043478260869565,0.0,0.0,0.0,8.588213074313906,0.0,0.0,0.0,3690,3913,106.0
70,서울특별시 종로구 혜화동,종로구,혜화동,0.0,1.25,3.333333333333333,0.0,0.0,0.2127659574468085,0.0,0.25,0.0,0.0,0.0,0.0,5.046099290780141,2398.0,2178.0,1998.0,3690,3913,106.0
71,서울특별시 종로구 명륜1가,종로구,명륜1가,0.0,0.0,0.0,0.0,0.0,0.425531914893617,0.26666666666666666,0.25,0.0,0.0,0.0,0.0,0.9421985815602836,0.0,0.0,0.0,3690,3913,106.0
72,서울특별시 종로구 명륜2가,종로구,명륜2가,3.333333333333333,0.0,0.0,0.0,0.0,0.425531914893617,0.26666666666666666,0.125,0.0,0.0,0.0,5.0,9.150531914893616,0.0,0.0,0.0,3690,3913,106.0
73,서울특별시 종로구 명륜4가,종로구,명륜4가,0.0,0.0,0.0,0.0,0.0,0.2127659574468085,0.4,0.125,0.43478260869565216,0.0,0.0,0.0,1.1725485661424606,0.0,0.0,0.0,3690,3913,106.0
74,서울특별시 종로구 명륜3가,종로구,명륜3가,0.0,0.0,0.0,0.0,0.0,0.425531914893617,0.5333333333333333,0.125,0.43478260869565216,0.0,0.0,0.0,1.5186478569226025,0.0,0.0,0.0,3690,3913,106.0
75,서울특별시 종로구 창신동,종로구,창신동,3.333333333333333,2.5,0.0,2.5,0.6666666666666666,0.851063829787234,0.8,0.375,0.0,0.0,0.0,0.0,11.026063829787233,0.0,0.0,0.0,3690,3913,106.0
76,서울특별시 종로구 숭인동,종로구,숭인동,0.0,0.0,0.0,0.0,0.0,1.4893617021276595,0.6666666666666666,1.5,0.43478260869565216,0.0,0.0,0.0,4.090810977489978,0.0,0.0,0.0,3690,3913,106.0
77,서울특별시 종로구 교남동,종로구,교남동,0.0,0.0,0.0,0.0,0.0,0.0,0.13333333333333333,0.0,0.43478260869565216,0.0,0.0,0.0,0.5681159420289855,0.0,0.0,0.0,3690,3913,106.0
78,서울특별시 종로구 평동,종로구,평동,0.0,0.0,0.0,0.0,0.0,0.425531914893617,0.4,0.0,0.0,0.0,0.0,0.0,0.8255319148936171,0.0,0.0,0.0,3690,3913,106.0
79,서울특별시 종로구 송월동,종로구,송월동,0.0,0.0,0.0,0.0,0.0,0.0,0.13333333333333333,0.0,0.0,0.0,0.0,0.0,0.13333333333333333,0.0,0.0,0.0,3690,3913,106.0
80,서울특별시 종로구 홍파동,종로구,홍파동,0.0,0.0,0.0,0.0,0.0,0.0,0.0,0.0,0.0,0.0,0.0,0.0,0.0,0.0,0.0,0.0,3690,3913,106.0
81,서울특별시 종로구 교북동,종로구,교북동,0.0,0.0,0.0,0.0,0.0,0.2127659574468085,0.0,0.125,0.0,0.0,0.0,0.0,0.3377659574468085,0.0,0.0,0.0,3690,3913,106.0
82,서울특별시 종로구 행촌동,종로구,행촌동,0.0,0.0,0.0,0.0,0.0,0.2127659574468085,0.26666666666666666,0.0,0.0,0.0,0.0,0.0,0.4794326241134752,0.0,0.0,0.0,3690,3913,106.0
83,서울특별시 종로구 구기동,종로구,구기동,0.0,0.0,0.0,0.0,0.0,0.0,0.26666666666666666,0.0,0.0,0.0,0.0,0.0,0.26666666666666666,0.0,0.0,0.0,3690,3913,106.0
84,서울특별시 종로구 평창동,종로구,평창동,0.0,0.0,0.0,0.0,0.0,0.2127659574468085,0.5333333333333333,0.25,0.43478260869565216,0.0,0.0,0.0,1.430881899475794,2143.0,1781.666666666667,1631.666666666667,3690,3913,106.0
85,서울특별시 종로구 부암동,종로구,부암동,0.0,0.0,0.0,0.0,0.0,0.425531914893617,0.26666666666666666,0.125,0.0,0.0,0.0,0.0,0.8171985815602837,1900.0,1664.57,1494.57,3690,3913,106.0
86,서울특별시 종로구 홍지동,종로구,홍지동,0.0,0.0,0.0,0.0,0.0,0.2127659574468085,0.13333333333333333,0.25,0.0,0.0,0.0,0.0,0.5960992907801418,1900.0,1574.0,1434.0,3690,3913,106.0
87,서울특별시 종로구 신영동,종로구,신영동,0.0,0.0,0.0,0.0,0.0,0.2127659574468085,0.13333333333333333,0.125,0.0,0.0,0.0,0.0,0.4710992907801418,0.0,0.0,0.0,3690,3913,106.0
88,서울특별시 종로구 무악동,종로구,무악동,0.0,0.0,0.0,0.0,0.6666666666666666,0.2127659574468085,0.0,0.125,0.0,0.0,0.0,0.0,1.0044326241134751,0.0,0.0,0.0,3690,3913,106.0
89,서울특별시 중구,,,0.0,0.0,0.0,0.0,0.0,0.0,0.0,0.0,0.0,0.0,0.0,0.0,0.0,0.0,0.0,0.0,0,0,0.0
90,서울특별시 중구 무교동,중구,무교동,0.0,0.0,3.333333333333333,0.0,0.0,0.851063829787234,0.0,0.0,0.43478260869565216,0.0,0.0,0.0,4.61917977181622,0.0,0.0,0.0,4030,2679,66.5
91,서울특별시 중구 다동,중구,다동,0.0,0.0,0.0,0.0,0.0,0.425531914893617,0.13333333333333333,0.375,0.43478260869565216,0.0,0.0,0.0,1.3686478569226024,0.0,0.0,0.0,4030,2679,66.5
92,서울특별시 중구 태평로1가,중구,태평로1가,0.0,0.0,0.0,0.0,0.0,0.0,0.26666666666666666,0.25,0.43478260869565216,0.0,0.0,0.0,0.9514492753623187,0.0,0.0,0.0,4030,2679,66.5
93,서울특별시 중구 을지로1가,중구,을지로1가,3.333333333333333,0.0,0.0,0.0,0.0,0.0,0.13333333333333333,0.0,0.8695652173913043,0.0,0.0,0.0,4.3362318840579706,0.0,0.0,0.0,4030,2679,66.5
94,서울특별시 중구 을지로2가,중구,을지로2가,0.0,0.0,0.0,0.0,0.0,0.851063829787234,0.26666666666666666,0.25,2.1739130434782608,0.0,0.0,0.0,3.5416435399321613,0.0,0.0,0.0,4030,2679,66.5
95,서울특별시 중구 남대문로1가,중구,남대문로1가,0.0,0.0,0.0,0.0,0.0,0.2127659574468085,0.0,0.0,0.43478260869565216,0.0,0.0,0.0,0.6475485661424607,0.0,0.0,0.0,4030,2679,66.5
96,서울특별시 중구 삼각동,중구,삼각동,0.0,0.0,0.0,0.0,0.0,0.0,0.0,0.0,0.43478260869565216,0.0,0.0,0.0,0.43478260869565216,0.0,0.0,0.0,4030,2679,66.5
97,서울특별시 중구 수하동,중구,수하동,0.0,0.0,0.0,0.0,0.0,0.425531914893617,0.13333333333333333,0.125,0.0,0.0,0.0,0.0,0.6838652482269503,0.0,0.0,0.0,4030,2679,66.5
98,서울특별시 중구 장교동,중구,장교동,0.0,0.0,0.0,0.0,0.0,0.425531914893617,0.0,0.125,0.0,0.0,0.0,0.0,0.550531914893617,0.0,0.0,0.0,4030,2679,66.5
99,서울특별시 중구 수표동,중구,수표동,0.0,0.0,0.0,0.0,0.6666666666666666,0.425531914893617,0.0,0.125,0.0,0.0,0.0,0.0,1.2171985815602837,0.0,0.0,0.0,4030,2679,66.5
100,서울특별시 중구 소공동,중구,소공동,0.0,1.25,0.0,0.0,0.0,0.2127659574468085,0.0,0.125,1.3043478260869565,5.0,0.0,0.0,7.892113783533765,0.0,0.0,0.0,4030,2679,66.5
101,서울특별시 중구 남창동,중구,남창동,0.0,0.0,0.0,0.0,0.0,0.425531914893617,0.13333333333333333,0.25,0.0,0.0,0.0,0.0,0.8088652482269503,0.0,0.0,0.0,4030,2679,66.5
102,서울특별시 중구 북창동,중구,북창동,0.0,0.0,0.0,0.0,0.0,0.425531914893617,0.0,0.125,0.0,0.0,0.0,0.0,0.550531914893617,0.0,0.0,0.0,4030,2679,66.5
103,서울특별시 중구 태평로2가,중구,태평로2가,0.0,0.0,3.333333333333333,0.0,0.0,0.2127659574468085,0.4,0.375,0.43478260869565216,0.0,0.0,0.0,4.755881899475794,0.0,0.0,0.0,4030,2679,66.5
104,서울특별시 중구 남대문로2가,중구,남대문로2가,0.0,0.0,0.0,0.0,0.0,0.0,0.0,0.0,0.0,0.0,0.0,0.0,0.0,0.0,0.0,0.0,4030,2679,66.5
105,서울특별시 중구 남대문로3가,중구,남대문로3가,0.0,0.0,0.0,0.0,0.0,0.0,0.13333333333333333,0.0,0.0,0.0,0.0,0.0,0.13333333333333333,0.0,0.0,0.0,4030,2679,66.5
106,서울특별시 중구 남대문로4가,중구,남대문로4가,0.0,0.0,0.0,0.0,0.0,0.2127659574468085,0.13333333333333333,0.25,0.8695652173913043,0.0,0.0,0.0,1.4656645081714461,0.0,0.0,0.0,4030,2679,66.5
107,서울특별시 중구 남대문로5가,중구,남대문로5가,0.0,0.0,3.333333333333333,0.0,0.0,0.851063829787234,0.26666666666666666,0.625,1.3043478260869565,0.0,0.0,0.0,6.380411655874191,2430.86,2278.0,2087.0,4030,2679,66.5
108,서울특별시 중구 봉래동1가,중구,봉래동1가,0.0,0.0,0.0,0.0,0.0,0.0,0.13333333333333333,0.0,0.0,0.0,0.0,0.0,0.13333333333333333,2654.0,2311.0,2165.57,4030,2679,66.5
109,서울특별시 중구 봉래동2가,중구,봉래동2가,0.0,0.0,0.0,0.0,0.0,0.0,0.0,0.0,0.0,0.0,0.0,0.0,0.0,0.0,0.0,0.0,4030,2679,66.5
110,서울특별시 중구 회현동1가,중구,회현동1가,0.0,0.0,3.333333333333333,0.0,0.0,0.851063829787234,0.4,0.25,0.43478260869565216,0.0,0.0,0.0,5.269179771816219,0.0,0.0,0.0,4030,2679,66.5
111,서울특별시 중구 회현동2가,중구,회현동2가,0.0,0.0,0.0,0.0,0.0,0.2127659574468085,0.0,0.125,0.43478260869565216,0.0,0.0,0.0,0.7725485661424607,0.0,0.0,0.0,4030,2679,66.5
112,서울특별시 중구 회현동3가,중구,회현동3가,3.333333333333333,0.0,0.0,0.0,0.0,0.0,0.13333333333333333,0.0,0.0,0.0,0.0,0.0,3.4666666666666663,0.0,0.0,0.0,4030,2679,66.5
113,서울특별시 중구 충무로1가,중구,충무로1가,0.0,0.0,0.0,0.0,0.0,0.425531914893617,0.13333333333333333,0.125,1.7391304347826086,0.0,0.0,0.0,2.422995683009559,0.0,0.0,0.0,4030,2679,66.5
114,서울특별시 중구 충무로2가,중구,충무로2가,0.0,0.0,0.0,0.0,0.6666666666666666,0.6382978723404255,0.13333333333333333,0.25,0.43478260869565216,0.0,0.0,5.0,7.1230804810360775,0.0,0.0,0.0,4030,2679,66.5
115,서울특별시 중구 명동1가,중구,명동1가,3.333333333333333,0.0,0.0,0.0,0.0,0.425531914893617,0.13333333333333333,0.0,0.8695652173913043,0.0,0.0,0.0,4.761763798951588,0.0,0.0,0.0,4030,2679,66.5
116,서울특별시 중구 명동2가,중구,명동2가,0.0,0.0,0.0,0.0,0.0,0.851063829787234,0.0,0.0,0.8695652173913043,0.0,0.0,5.0,6.720629047178538,0.0,0.0,0.0,4030,2679,66.5
117,서울특별시 중구 남산동1가,중구,남산동1가,0.0,0.0,0.0,0.0,0.0,0.2127659574468085,0.0,0.25,0.0,0.0,0.0,0.0,0.4627659574468085,0.0,0.0,0.0,4030,2679,66.5
118,서울특별시 중구 남산동2가,중구,남산동2가,0.0,0.0,0.0,0.0,0.6666666666666666,0.2127659574468085,0.0,0.0,0.0,0.0,0.0,0.0,0.8794326241134751,0.0,0.0,0.0,4030,2679,66.5
119,서울특별시 중구 남산동3가,중구,남산동3가,0.0,0.0,0.0,0.0,0.0,0.0,0.0,0.0,0.0,0.0,0.0,0.0,0.0,0.0,0.0,0.0,4030,2679,66.5
120,서울특별시 중구 저동1가,중구,저동1가,0.0,0.0,0.0,0.0,0.0,0.0,0.13333333333333333,0.25,0.0,0.0,0.0,0.0,0.3833333333333333,0.0,0.0,0.0,4030,2679,66.5
121,서울특별시 중구 충무로4가,중구,충무로4가,0.0,0.0,3.333333333333333,0.0,0.0,0.425531914893617,0.13333333333333333,0.0,0.0,0.0,0.0,0.0,3.8921985815602835,0.0,0.0,0.0,4030,2679,66.5
122,서울특별시 중구 충무로5가,중구,충무로5가,0.0,0.0,0.0,0.0,0.0,0.425531914893617,0.26666666666666666,0.125,0.43478260869565216,0.0,0.0,0.0,1.251981190255936,0.0,0.0,0.0,4030,2679,66.5
123,서울특별시 중구 인현동2가,중구,인현동2가,0.0,0.0,0.0,0.0,0.0,0.0,0.0,0.0,0.0,0.0,0.0,0.0,0.0,0.0,0.0,0.0,4030,2679,66.5
124,서울특별시 중구 예관동,중구,예관동,0.0,0.0,0.0,0.0,0.0,0.0,0.0,0.0,0.0,0.0,0.0,0.0,0.0,0.0,0.0,0.0,4030,2679,66.5
125,서울특별시 중구 묵정동,중구,묵정동,0.0,0.0,0.0,0.0,0.0,0.0,0.26666666666666666,0.125,0.0,0.0,0.0,0.0,0.39166666666666666,0.0,0.0,0.0,4030,2679,66.5
126,서울특별시 중구 필동1가,중구,필동1가,0.0,0.0,0.0,0.0,0.6666666666666666,0.2127659574468085,0.0,0.375,0.0,0.0,0.0,0.0,1.2544326241134751,0.0,0.0,0.0,4030,2679,66.5
127,서울특별시 중구 필동2가,중구,필동2가,0.0,0.0,0.0,0.0,0.0,0.2127659574468085,0.26666666666666666,0.25,0.8695652173913043,0.0,0.0,0.0,1.5989978415047794,2423.5,2198.5,2013.5,4030,2679,66.5
128,서울특별시 중구 필동3가,중구,필동3가,0.0,0.0,3.333333333333333,0.0,0.0,0.425531914893617,0.4,0.125,0.0,0.0,0.0,0.0,4.283865248226951,0.0,0.0,0.0,4030,2679,66.5
129,서울특별시 중구 남학동,중구,남학동,0.0,0.0,0.0,0.0,0.0,0.0,0.0,0.0,0.0,0.0,0.0,0.0,0.0,0.0,0.0,0.0,4030,2679,66.5
130,서울특별시 중구 주자동,중구,주자동,0.0,0.0,0.0,0.0,0.0,0.0,0.0,0.0,0.0,0.0,0.0,0.0,0.0,0.0,0.0,0.0,4030,2679,66.5
131,서울특별시 중구 예장동,중구,예장동,0.0,0.0,0.0,0.0,0.0,0.425531914893617,0.0,0.0,0.0,0.0,0.0,0.0,0.425531914893617,0.0,0.0,0.0,4030,2679,66.5
132,서울특별시 중구 장충동1가,중구,장충동1가,0.0,0.0,0.0,0.0,0.0,0.0,0.13333333333333333,0.25,0.43478260869565216,0.0,0.0,0.0,0.8181159420289854,2450.0,2250.0,2029.0,4030,2679,66.5
133,서울특별시 중구 장충동2가,중구,장충동2가,0.0,0.0,0.0,0.0,0.0,0.425531914893617,0.5333333333333333,0.5,0.0,0.0,0.0,0.0,1.4588652482269502,0.0,0.0,0.0,4030,2679,66.5
134,서울특별시 중구 광희동1가,중구,광희동1가,0.0,0.0,0.0,0.0,0.0,0.0,0.13333333333333333,0.125,0.43478260869565216,0.0,0.0,0.0,0.6931159420289854,0.0,0.0,0.0,4030,2679,66.5
135,서울특별시 중구 광희동2가,중구,광희동2가,0.0,0.0,0.0,0.0,0.0,0.425531914893617,0.13333333333333333,0.125,0.0,0.0,0.0,0.0,0.6838652482269503,0.0,0.0,0.0,4030,2679,66.5
136,서울특별시 중구 쌍림동,중구,쌍림동,0.0,0.0,0.0,0.0,0.0,0.425531914893617,0.13333333333333333,0.125,0.0,0.0,0.0,0.0,0.6838652482269503,0.0,0.0,0.0,4030,2679,66.5
137,서울특별시 중구 을지로6가,중구,을지로6가,0.0,1.25,0.0,0.0,0.0,1.0638297872340425,0.6666666666666666,0.25,0.8695652173913043,0.0,10.0,5.0,19.100061671292014,0.0,0.0,0.0,4030,2679,66.5
138,서울특별시 중구 을지로7가,중구,을지로7가,0.0,0.0,0.0,0.0,0.0,0.0,0.13333333333333333,0.25,0.0,0.0,0.0,0.0,0.3833333333333333,0.0,0.0,0.0,4030,2679,66.5
139,서울특별시 중구 을지로4가,중구,을지로4가,0.0,0.0,0.0,0.0,0.6666666666666666,0.0,0.0,0.25,0.0,0.0,0.0,0.0,0.9166666666666666,0.0,0.0,0.0,4030,2679,66.5
140,서울특별시 중구 을지로5가,중구,을지로5가,0.0,0.0,0.0,0.0,0.0,0.0,0.26666666666666666,0.25,0.0,0.0,0.0,0.0,0.5166666666666666,0.0,0.0,0.0,4030,2679,66.5
141,서울특별시 중구 주교동,중구,주교동,0.0,0.0,0.0,0.0,0.0,0.2127659574468085,0.13333333333333333,0.0,0.0,0.0,0.0,0.0,0.34609929078014184,0.0,0.0,0.0,4030,2679,66.5
142,서울특별시 중구 방산동,중구,방산동,0.0,0.0,0.0,0.0,0.0,0.0,0.0,0.0,0.0,0.0,0.0,0.0,0.0,0.0,0.0,0.0,4030,2679,66.5
143,서울특별시 중구 오장동,중구,오장동,0.0,0.0,0.0,0.0,0.0,0.425531914893617,0.13333333333333333,0.125,0.0,0.0,0.0,0.0,0.6838652482269503,0.0,0.0,0.0,4030,2679,66.5
144,서울특별시 중구 을지로3가,중구,을지로3가,0.0,0.0,0.0,0.0,0.0,0.6382978723404255,0.26666666666666666,0.0,0.0,0.0,0.0,0.0,0.9049645390070922,0.0,0.0,0.0,4030,2679,66.5
145,서울특별시 중구 입정동,중구,입정동,0.0,0.0,0.0,0.0,0.0,0.0,0.0,0.0,0.0,0.0,0.0,0.0,0.0,0.0,0.0,0.0,4030,2679,66.5
146,서울특별시 중구 산림동,중구,산림동,0.0,0.0,0.0,0.0,0.0,0.0,0.13333333333333333,0.0,0.0,0.0,0.0,0.0,0.13333333333333333,0.0,0.0,0.0,4030,2679,66.5
147,서울특별시 중구 충무로3가,중구,충무로3가,0.0,0.0,0.0,0.0,0.0,0.2127659574468085,0.4,0.25,0.0,0.0,0.0,0.0,0.8627659574468085,0.0,0.0,0.0,4030,2679,66.5
148,서울특별시 중구 초동,중구,초동,0.0,0.0,0.0,0.0,0.0,0.425531914893617,0.13333333333333333,0.25,0.0,0.0,0.0,0.0,0.8088652482269503,2339.0,2189.0,2026.0,4030,2679,66.5
149,서울특별시 중구 인현동1가,중구,인현동1가,0.0,0.0,0.0,0.0,0.0,0.2127659574468085,0.13333333333333333,0.0,0.0,0.0,0.0,0.0,0.34609929078014184,0.0,0.0,0.0,4030,2679,66.5
150,서울특별시 중구 저동2가,중구,저동2가,0.0,0.0,0.0,0.0,0.6666666666666666,0.2127659574468085,0.4,0.125,0.43478260869565216,0.0,0.0,0.0,1.8392152328091271,0.0,0.0,0.0,4030,2679,66.5
151,서울특별시 중구 신당동,중구,신당동,0.0,2.5,3.333333333333333,0.0,2.0,3.617021276595745,2.5333333333333337,2.5,0.43478260869565216,0.0,0.0,0.0,16.918470551958062,2227.333333333333,1895.25,1728.3225,4030,2679,66.5
152,서울특별시 중구 흥인동,중구,흥인동,0.0,0.0,3.333333333333333,0.0,0.0,0.2127659574468085,0.13333333333333333,0.375,0.8695652173913043,0.0,0.0,0.0,4.92399784150478,0.0,0.0,0.0,4030,2679,66.5
153,서울특별시 중구 무학동,중구,무학동,0.0,0.0,0.0,0.0,0.0,0.2127659574468085,0.13333333333333333,0.125,0.0,0.0,0.0,0.0,0.4710992907801418,0.0,1868.0,1698.0,4030,2679,66.5
154,서울특별시 중구 황학동,중구,황학동,0.0,0.0,6.666666666666666,0.0,0.0,0.6382978723404255,0.4,0.5,0.43478260869565216,5.0,0.0,0.0,13.639747147702744,0.0,0.0,0.0,4030,2679,66.5
155,서울특별시 중구 서소문동,중구,서소문동,0.0,0.0,0.0,0.0,0.6666666666666666,0.425531914893617,0.26666666666666666,0.25,1.7391304347826086,0.0,0.0,0.0,3.347995683009559,0.0,0.0,0.0,4030,2679,66.5
156,서울특별시 중구 정동,중구,정동,0.0,0.0,0.0,0.0,0.0,0.425531914893617,0.13333333333333333,0.0,0.0,0.0,0.0,0.0,0.5588652482269504,0.0,0.0,0.0,4030,2679,66.5
157,서울특별시 중구 순화동,중구,순화동,0.0,0.0,3.333333333333333,0.0,0.0,0.2127659574468085,0.6666666666666666,0.625,0.8695652173913043,0.0,0.0,0.0,5.707331174838113,0.0,0.0,0.0,4030,2679,66.5
158,서울특별시 중구 의주로1가,중구,의주로1가,0.0,0.0,0.0,0.0,0.0,0.2127659574468085,0.0,0.0,0.0,0.0,0.0,0.0,0.2127659574468085,0.0,0.0,0.0,4030,2679,66.5
159,서울특별시 중구 충정로1가,중구,충정로1가,0.0,0.0,0.0,0.0,0.0,0.0,0.0,0.0,0.43478260869565216,0.0,0.0,0.0,0.43478260869565216,0.0,0.0,0.0,4030,2679,66.5
160,서울특별시 중구 중림동,중구,중림동,0.0,0.0,0.0,0.0,0.0,0.425531914893617,0.4,0.375,0.0,0.0,0.0,0.0,1.200531914893617,0.0,0.0,0.0,4030,2679,66.5
161,서울특별시 중구 의주로2가,중구,의주로2가,0.0,0.0,0.0,0.0,0.0,0.0,0.0,0.0,0.0,0.0,0.0,0.0,0.0,0.0,0.0,0.0,4030,2679,66.5
162,서울특별시 중구 만리동1가,중구,만리동1가,0.0,0.0,0.0,0.0,0.0,0.0,0.0,0.125,0.0,0.0,0.0,0.0,0.125,0.0,0.0,0.0,4030,2679,66.5
163,서울특별시 중구 만리동2가,중구,만리동2가,0.0,0.0,0.0,0.0,0.0,0.0,0.26666666666666666,0.0,0.0,0.0,0.0,0.0,0.26666666666666666,0.0,0.0,0.0,4030,2679,66.5
164,서울특별시 용산구,,,0.0,0.0,0.0,0.0,0.0,0.0,0.0,0.0,0.0,0.0,0.0,0.0,0.0,0.0,0.0,0.0,0,0,0.0
165,서울특별시 용산구 후암동,용산구,후암동,0.0,1.25,0.0,0.0,0.6666666666666666,0.6382978723404255,0.6666666666666666,0.625,0.0,0.0,0.0,0.0,3.8466312056737584,2297.0,1955.14,1865.14,3411,2543,74.6
166,서울특별시 용산구 용산동2가,용산구,용산동2가,0.0,0.0,0.0,0.0,1.3333333333333333,0.425531914893617,0.5333333333333333,0.625,0.43478260869565216,0.0,0.0,0.0,3.3519811902559358,0.0,0.0,0.0,3411,2543,74.6
167,서울특별시 용산구 용산동4가,용산구,용산동4가,0.0,0.0,0.0,0.0,0.0,0.0,0.0,0.0,0.0,0.0,0.0,0.0,0.0,0.0,0.0,0.0,3411,2543,74.6
168,서울특별시 용산구 갈월동,용산구,갈월동,0.0,1.25,0.0,0.0,0.0,0.425531914893617,0.26666666666666666,0.625,0.8695652173913043,0.0,0.0,0.0,3.436763798951588,2249.0,1999.0,1899.0,3411,2543,74.6
169,서울특별시 용산구 남영동,용산구,남영동,0.0,0.0,0.0,2.5,0.0,0.0,0.26666666666666666,0.125,0.0,0.0,0.0,0.0,2.8916666666666666,0.0,0.0,0.0,3411,2543,74.6
170,서울특별시 용산구 용산동1가,용산구,용산동1가,0.0,0.0,0.0,0.0,0.0,0.0,0.13333333333333333,0.0,0.0,0.0,0.0,0.0,0.13333333333333333,0.0,0.0,0.0,3411,2543,74.6
171,서울특별시 용산구 동자동,용산구,동자동,3.333333333333333,2.5,3.333333333333333,2.5,0.0,0.2127659574468085,0.26666666666666666,0.625,0.43478260869565216,0.0,0.0,0.0,13.205881899475793,2390.0,2090.0,1890.0,3411,2543,74.6
172,서울특별시 용산구 서계동,용산구,서계동,0.0,1.25,0.0,0.0,0.6666666666666666,0.6382978723404255,0.13333333333333333,0.25,0.0,0.0,0.0,0.0,2.938297872340425,2174.0,2048.0,1906.0,3411,2543,74.6
173,서울특별시 용산구 청파동1가,용산구,청파동1가,0.0,0.0,0.0,0.0,0.0,0.425531914893617,0.13333333333333333,0.125,0.0,0.0,0.0,0.0,0.6838652482269503,0.0,0.0,0.0,3411,2543,74.6
174,서울특별시 용산구 청파동2가,용산구,청파동2가,0.0,0.0,0.0,0.0,0.6666666666666666,0.6382978723404255,0.0,0.125,0.0,0.0,0.0,0.0,1.429964539007092,0.0,0.0,0.0,3411,2543,74.6
175,서울특별시 용산구 청파동3가,용산구,청파동3가,0.0,0.0,0.0,0.0,0.0,0.0,0.4,0.375,0.43478260869565216,0.0,0.0,0.0,1.2097826086956522,0.0,0.0,0.0,3411,2543,74.6
176,서울특별시 용산구 원효로1가,용산구,원효로1가,0.0,0.0,0.0,0.0,0.0,0.425531914893617,0.13333333333333333,0.25,0.0,0.0,0.0,0.0,0.8088652482269503,0.0,0.0,0.0,3411,2543,74.6
177,서울특별시 용산구 원효로2가,용산구,원효로2가,0.0,0.0,0.0,0.0,0.6666666666666666,0.0,0.13333333333333333,0.125,0.0,0.0,0.0,0.0,0.9249999999999999,2169.0,1934.0,1768.0,3411,2543,74.6
178,서울특별시 용산구 신창동,용산구,신창동,0.0,0.0,0.0,0.0,0.0,0.0,0.13333333333333333,0.0,0.0,0.0,0.0,0.0,0.13333333333333333,0.0,0.0,0.0,3411,2543,74.6
179,서울특별시 용산구 산천동,용산구,산천동,0.0,0.0,0.0,0.0,0.0,0.2127659574468085,0.0,0.125,0.0,0.0,0.0,0.0,0.3377659574468085,0.0,0.0,0.0,3411,2543,74.6
180,서울특별시 용산구 청암동,용산구,청암동,0.0,0.0,0.0,0.0,0.0,0.0,0.13333333333333333,0.0,0.0,0.0,0.0,0.0,0.13333333333333333,2089.0,1799.0,1691.86,3411,2543,74.6
181,서울특별시 용산구 원효로3가,용산구,원효로3가,0.0,0.0,0.0,0.0,0.0,0.0,0.13333333333333333,0.125,0.0,0.0,0.0,0.0,0.2583333333333333,2160.0,1940.0,1795.0,3411,2543,74.6
182,서울특별시 용산구 원효로4가,용산구,원효로4가,0.0,0.0,0.0,0.0,0.0,0.2127659574468085,0.13333333333333333,0.0,0.0,0.0,0.0,0.0,0.34609929078014184,0.0,0.0,0.0,3411,2543,74.6
183,서울특별시 용산구 효창동,용산구,효창동,0.0,0.0,0.0,0.0,0.0,0.2127659574468085,0.13333333333333333,0.625,0.0,0.0,0.0,0.0,0.9710992907801418,0.0,0.0,0.0,3411,2543,74.6
184,서울특별시 용산구 도원동,용산구,도원동,0.0,0.0,0.0,0.0,0.0,0.0,0.13333333333333333,0.0,0.0,0.0,0.0,0.0,0.13333333333333333,0.0,0.0,0.0,3411,2543,74.6
185,서울특별시 용산구 용문동,용산구,용문동,0.0,0.0,0.0,0.0,0.0,0.425531914893617,0.13333333333333333,0.125,0.0,0.0,0.0,0.0,0.6838652482269503,0.0,0.0,0.0,3411,2543,74.6
186,서울특별시 용산구 문배동,용산구,문배동,0.0,0.0,0.0,0.0,0.0,0.6382978723404255,0.13333333333333333,0.125,0.0,0.0,0.0,0.0,0.8966312056737588,0.0,0.0,0.0,3411,2543,74.6
187,서울특별시 용산구 신계동,용산구,신계동,0.0,0.0,0.0,0.0,0.0,0.2127659574468085,0.0,0.25,0.0,0.0,0.0,0.0,0.4627659574468085,0.0,0.0,0.0,3411,2543,74.6
188,서울특별시 용산구 한강로1가,용산구,한강로1가,0.0,0.0,0.0,0.0,0.0,0.0,0.26666666666666666,0.375,0.0,0.0,0.0,0.0,0.6416666666666666,0.0,0.0,0.0,3411,2543,74.6
189,서울특별시 용산구 한강로2가,용산구,한강로2가,0.0,0.0,3.333333333333333,0.0,0.0,0.425531914893617,1.2,0.5,0.43478260869565216,0.0,0.0,0.0,5.893647856922602,0.0,0.0,0.0,3411,2543,74.6
190,서울특별시 용산구 용산동3가,용산구,용산동3가,0.0,0.0,0.0,0.0,0.0,0.0,0.0,0.0,0.0,0.0,0.0,0.0,0.0,0.0,0.0,0.0,3411,2543,74.6
191,서울특별시 용산구 용산동5가,용산구,용산동5가,0.0,0.0,0.0,0.0,0.0,0.2127659574468085,0.0,0.125,0.43478260869565216,0.0,0.0,0.0,0.7725485661424607,0.0,0.0,0.0,3411,2543,74.6
192,서울특별시 용산구 한강로3가,용산구,한강로3가,0.0,2.5,3.333333333333333,2.5,0.6666666666666666,0.851063829787234,0.5333333333333333,0.75,0.43478260869565216,5.0,0.0,5.0,21.569179771816216,1858.0,1648.0,1528.0,3411,2543,74.6
193,서울특별시 용산구 이촌동,용산구,이촌동,0.0,0.0,0.0,0.0,1.3333333333333333,0.851063829787234,0.4,1.0,0.8695652173913043,0.0,0.0,0.0,4.4539623805118715,2057.0,1857.0,1740.0,3411,2543,74.6
194,서울특별시 용산구 이태원동,용산구,이태원동,3.333333333333333,0.0,0.0,0.0,0.6666666666666666,0.851063829787234,1.7333333333333334,1.125,0.43478260869565216,0.0,0.0,0.0,8.14417977181622,0.0,0.0,0.0,3411,2543,74.6
195,서울특별시 용산구 한남동,용산구,한남동,0.0,0.0,0.0,2.5,0.0,0.851063829787234,1.2,0.875,1.7391304347826086,0.0,0.0,0.0,7.165194264569842,2402.0,2093.25,1945.5,3411,2543,74.6
196,서울특별시 용산구 동빙고동,용산구,동빙고동,0.0,0.0,0.0,0.0,0.0,0.2127659574468085,0.0,0.25,0.43478260869565216,0.0,0.0,0.0,0.8975485661424607,0.0,0.0,0.0,3411,2543,74.6
197,서울특별시 용산구 서빙고동,용산구,서빙고동,0.0,0.0,0.0,0.0,0.0,0.2127659574468085,0.0,0.25,0.0,0.0,0.0,0.0,0.4627659574468085,2218.0,1999.0,1860.0,3411,2543,74.6
198,서울특별시 용산구 주성동,용산구,주성동,0.0,0.0,0.0,0.0,0.0,0.0,0.0,0.0,0.0,0.0,0.0,0.0,0.0,0.0,0.0,0.0,3411,2543,74.6
199,서울특별시 용산구 용산동6가,용산구,용산동6가,0.0,0.0,0.0,0.0,0.0,0.0,0.13333333333333333,0.0,0.0,0.0,0.0,0.0,0.13333333333333333,0.0,0.0,0.0,3411,2543,74.6
200,서울특별시 용산구 보광동,용산구,보광동,0.0,1.25,0.0,0.0,0.0,0.425531914893617,0.4,0.25,0.0,0.0,0.0,0.0,2.325531914893617,0.0,0.0,0.0,3411,2543,74.6
201,서울특별시 성동구,,,0.0,0.0,0.0,0.0,0.0,0.0,0.0,0.0,0.0,0.0,0.0,0.0,0.0,0.0,0.0,0.0,0,0,0.0
202,서울특별시 성동구 상왕십리동,성동구,상왕십리동,0.0,0.0,0.0,0.0,0.0,0.425531914893617,0.4,0.25,0.0,0.0,0.0,0.0,1.075531914893617,0.0,0.0,0.0,2457,1787,72.7
203,서울특별시 성동구 하왕십리동,성동구,하왕십리동,0.0,0.0,3.333333333333333,0.0,0.0,0.425531914893617,0.6666666666666666,0.875,0.8695652173913043,0.0,0.0,0.0,6.170097132284921,0.0,1898.0,1747.0,2457,1787,72.7
204,서울특별시 성동구 홍익동,성동구,홍익동,0.0,0.0,0.0,0.0,0.0,0.0,0.13333333333333333,0.25,0.0,0.0,0.0,0.0,0.3833333333333333,0.0,0.0,0.0,2457,1787,72.7
205,서울특별시 성동구 도선동,성동구,도선동,0.0,0.0,0.0,0.0,0.6666666666666666,0.6382978723404255,0.5333333333333333,0.375,0.43478260869565216,0.0,0.0,0.0,2.648080481036078,0.0,1576.57,1419.43,2457,1787,72.7
206,서울특별시 성동구 마장동,성동구,마장동,0.0,0.0,0.0,0.0,0.6666666666666666,1.0638297872340425,0.5333333333333333,0.375,0.0,0.0,0.0,0.0,2.6388297872340423,0.0,1571.8066666666666,1420.8566666666666,2457,1787,72.7
207,서울특별시 성동구 사근동,성동구,사근동,0.0,0.0,0.0,0.0,2.0,0.6382978723404255,0.4,0.375,0.0,0.0,0.0,0.0,3.4132978723404253,0.0,0.0,0.0,2457,1787,72.7
208,서울특별시 성동구 행당동,성동구,행당동,6.666666666666666,2.5,0.0,2.5,0.6666666666666666,2.127659574468085,1.4666666666666668,0.875,1.3043478260869565,0.0,0.0,5.0,23.10700740055504,0.0,0.0,0.0,2457,1787,72.7
209,서울특별시 성동구 응봉동,성동구,응봉동,0.0,0.0,0.0,0.0,0.0,0.0,0.26666666666666666,0.0,0.0,0.0,0.0,0.0,0.26666666666666666,0.0,0.0,0.0,2457,1787,72.7
210,서울특별시 성동구 금호동1가,성동구,금호동1가,0.0,0.0,0.0,0.0,0.0,0.0,0.26666666666666666,0.375,0.0,0.0,0.0,0.0,0.6416666666666666,0.0,0.0,0.0,2457,1787,72.7
211,서울특별시 성동구 금호동2가,성동구,금호동2가,0.0,0.0,0.0,0.0,0.0,0.0,0.4,0.375,0.0,0.0,0.0,0.0,0.775,0.0,0.0,0.0,2457,1787,72.7
212,서울특별시 성동구 금호동3가,성동구,금호동3가,0.0,1.25,0.0,0.0,0.0,0.2127659574468085,0.26666666666666666,0.0,0.0,0.0,0.0,0.0,1.7294326241134752,0.0,0.0,0.0,2457,1787,72.7
213,서울특별시 성동구 금호동4가,성동구,금호동4가,0.0,0.0,0.0,0.0,0.0,0.2127659574468085,0.4,0.625,0.0,0.0,0.0,0.0,1.2377659574468085,0.0,1770.0,1620.0,2457,1787,72.7
214,서울특별시 성동구 옥수동,성동구,옥수동,0.0,0.0,0.0,0.0,0.0,0.425531914893617,0.4,0.5,0.0,0.0,0.0,0.0,1.325531914893617,2265.0,1968.0,1815.0,2457,1787,72.7
215,서울특별시 성동구 성수동1가,성동구,성수동1가,0.0,0.0,0.0,0.0,0.6666666666666666,1.276595744680851,1.7333333333333334,1.875,0.43478260869565216,0.0,0.0,0.0,5.986378353376503,1976.5,1656.333333333333,1493.666666666667,2457,1787,72.7
216,서울특별시 성동구 성수동2가,성동구,성수동2가,0.0,1.25,0.0,0.0,2.6666666666666665,1.4893617021276595,2.9333333333333336,1.75,0.8695652173913043,0.0,0.0,0.0,10.958926919518964,1936.0466666666669,1689.38,1511.5733333333335,2457,1787,72.7
217,서울특별시 성동구 송정동,성동구,송정동,0.0,0.0,0.0,0.0,0.0,0.0,0.4,0.375,0.0,0.0,0.0,0.0,0.775,0.0,1506.0,1325.43,2457,1787,72.7
218,서울특별시 성동구 용답동,성동구,용답동,0.0,1.25,0.0,0.0,0.6666666666666666,0.851063829787234,0.9333333333333333,0.25,0.0,0.0,0.0,0.0,3.951063829787234,1748.0,1571.1899999999996,1420.38,2457,1787,72.7
219,서울특별시 광진구,,,0.0,0.0,0.0,0.0,0.0,0.0,0.0,0.0,0.0,0.0,0.0,0.0,0.0,0.0,0.0,0.0,0,0,0.0
220,서울특별시 광진구 중곡동,광진구,중곡동,0.0,1.25,0.0,0.0,2.6666666666666665,1.702127659574468,2.9333333333333336,2.875,0.0,0.0,0.0,0.0,11.427127659574468,1727.0,1519.428333333333,1345.8566666666668,3915,2789,71.2
221,서울특별시 광진구 능동,광진구,능동,0.0,0.0,0.0,0.0,0.6666666666666666,0.851063829787234,0.5333333333333333,0.875,0.0,0.0,0.0,0.0,2.9260638297872337,1739.0,1515.715,1355.14,3915,2789,71.2
222,서울특별시 광진구 구의동,광진구,구의동,0.0,6.25,0.0,2.5,1.3333333333333333,2.978723404255319,2.8000000000000003,2.625,2.1739130434782608,0.0,0.0,5.0,25.660969781066914,0.0,1591.0,1461.355,3915,2789,71.2
223,서울특별시 광진구 광장동,광진구,광장동,0.0,0.0,3.333333333333333,0.0,1.3333333333333333,0.851063829787234,0.9333333333333333,0.75,0.8695652173913043,0.0,0.0,0.0,8.070629047178539,1768.785,1556.5,1399.64,3915,2789,71.2
224,서울특별시 광진구 자양동,광진구,자양동,0.0,3.75,3.333333333333333,0.0,3.333333333333333,4.25531914893617,3.7333333333333334,3.5,1.7391304347826086,5.0,0.0,5.0,33.64444958371878,1835.0,1573.9033333333334,1450.57,3915,2789,71.2
225,서울특별시 광진구 화양동,광진구,화양동,3.333333333333333,1.25,3.333333333333333,2.5,0.6666666666666666,3.404255319148936,2.2666666666666666,1.75,0.8695652173913043,0.0,0.0,0.0,19.37382053654024,1985.0,1595.0,1469.0,3915,2789,71.2
226,서울특별시 광진구 군자동,광진구,군자동,0.0,1.25,3.333333333333333,0.0,0.0,0.851063829787234,0.9333333333333333,1.25,0.8695652173913043,0.0,10.0,0.0,18.487295713845207,0.0,1542.0,1373.0,3915,2789,71.2
227,서울특별시 동대문구,,,0.0,0.0,0.0,0.0,0.0,0.0,0.0,0.0,0.0,0.0,0.0,0.0,0.0,0.0,0.0,0.0,0,0,0.0
228,서울특별시 동대문구 신설동,동대문구,신설동,0.0,0.0,3.333333333333333,0.0,0.6666666666666666,0.6382978723404255,0.8,0.5,0.43478260869565216,0.0,0.0,0.0,6.3730804810360775,0.0,1699.0,1529.0,3680,2968,80.7
229,서울특별시 동대문구 용두동,동대문구,용두동,0.0,1.25,0.0,0.0,0.0,1.276595744680851,1.8666666666666667,0.875,0.0,0.0,0.0,0.0,5.268262411347518,1798.0,1539.785,1363.86,3680,2968,80.7
230,서울특별시 동대문구 제기동,동대문구,제기동,0.0,0.0,0.0,0.0,0.0,1.702127659574468,1.4666666666666668,0.5,0.0,0.0,0.0,0.0,3.6687943262411347,0.0,1496.43,1346.43,3680,2968,80.7
231,서울특별시 동대문구 전농동,동대문구,전농동,3.333333333333333,1.25,0.0,2.5,0.0,1.4893617021276595,1.8666666666666667,1.875,0.0,5.0,0.0,0.0,17.31436170212766,0.0,1497.965,1347.965,3680,2968,80.7
232,서울특별시 동대문구 답십리동,동대문구,답십리동,0.0,0.0,0.0,0.0,0.0,1.9148936170212765,1.6,2.375,0.43478260869565216,0.0,0.0,0.0,6.324676225716929,0.0,1536.5,1386.5,3680,2968,80.7
233,서울특별시 동대문구 장안동,동대문구,장안동,3.333333333333333,2.5,3.333333333333333,0.0,3.333333333333333,4.25531914893617,2.8000000000000003,3.375,0.43478260869565216,5.0,0.0,0.0,28.365101757631823,1839.0,1565.285,1411.8225,3680,2968,80.7
234,서울특별시 동대문구 청량리동,동대문구,청량리동,0.0,1.25,0.0,0.0,0.0,0.6382978723404255,0.5333333333333333,0.375,0.0,0.0,0.0,0.0,2.7966312056737586,0.0,1589.0,1434.0,3680,2968,80.7
235,서울특별시 동대문구 회기동,동대문구,회기동,0.0,0.0,0.0,0.0,0.0,1.0638297872340425,0.6666666666666666,1.0,1.3043478260869565,0.0,0.0,0.0,4.034844279987666,0.0,0.0,0.0,3680,2968,80.7
236,서울특별시 동대문구 휘경동,동대문구,휘경동,0.0,0.0,0.0,0.0,0.6666666666666666,1.702127659574468,1.2,1.125,0.0,0.0,0.0,0.0,4.693794326241135,1775.0,1578.5,1399.0375,3680,2968,80.7
237,서울특별시 동대문구 이문동,동대문구,이문동,3.333333333333333,1.25,0.0,2.5,0.6666666666666666,2.553191489361702,1.4666666666666668,1.375,0.8695652173913043,0.0,0.0,0.0,14.014423373419673,0.0,1506.645,1361.645,3680,2968,80.7
238,서울특별시 중랑구,,,0.0,0.0,0.0,0.0,0.0,0.0,0.0,0.0,0.0,0.0,0.0,0.0,0.0,0.0,0.0,0.0,0,0,0.0
239,서울특별시 중랑구 면목동,중랑구,면목동,0.0,2.5,0.0,2.5,2.0,3.617021276595745,3.333333333333333,4.75,0.43478260869565216,0.0,0.0,0.0,19.13513721862473,1752.0,1505.595,1327.5,4288,3222,75.1
240,서울특별시 중랑구 상봉동,중랑구,상봉동,0.0,3.75,0.0,0.0,1.3333333333333333,1.276595744680851,1.4666666666666668,1.875,1.3043478260869565,0.0,10.0,5.0,26.00594357076781,0.0,1526.0,1364.3333333333333,4288,3222,75.1
241,서울특별시 중랑구 중화동,중랑구,중화동,0.0,1.25,3.333333333333333,0.0,0.0,0.851063829787234,1.7333333333333334,1.5,0.0,0.0,0.0,0.0,8.6677304964539,1915.0,1575.0,1429.0,4288,3222,75.1
242,서울특별시 중랑구 묵동,중랑구,묵동,0.0,0.0,3.333333333333333,0.0,0.6666666666666666,1.276595744680851,1.2,2.0,0.0,0.0,0.0,0.0,8.47659574468085,0.0,1528.0,1378.0,4288,3222,75.1
243,서울특별시 중랑구 망우동,중랑구,망우동,3.333333333333333,1.25,0.0,2.5,0.0,1.702127659574468,2.0,1.375,0.0,0.0,0.0,0.0,12.160460992907801,0.0,1522.333333333333,1374.3333333333333,4288,3222,75.1
244,서울특별시 중랑구 신내동,중랑구,신내동,3.333333333333333,1.25,0.0,0.0,0.6666666666666666,1.0638297872340425,1.0666666666666667,1.0,0.43478260869565216,0.0,0.0,0.0,8.81527906259636,0.0,1536.0,1386.0,4288,3222,75.1
245,서울특별시 성북구,,,0.0,0.0,0.0,0.0,0.0,0.0,0.0,0.0,0.0,0.0,0.0,0.0,0.0,0.0,0.0,0.0,0,0,0.0
246,서울특별시 성북구 성북동,성북구,성북동,0.0,0.0,0.0,0.0,0.0,0.851063829787234,0.26666666666666666,0.125,0.0,0.0,0.0,0.0,1.2427304964539008,0.0,0.0,0.0,3042,2277,74.9
247,서울특별시 성북구 성북동1가,성북구,성북동1가,0.0,0.0,0.0,0.0,0.0,0.2127659574468085,0.13333333333333333,0.125,0.43478260869565216,0.0,0.0,0.0,0.905881899475794,0.0,0.0,0.0,3042,2277,74.9
248,서울특별시 성북구 돈암동,성북구,돈암동,0.0,0.0,0.0,0.0,0.0,0.6382978723404255,0.8,0.375,0.0,0.0,0.0,0.0,1.8132978723404256,0.0,0.0,0.0,3042,2277,74.9
249,서울특별시 성북구 동소문동1가,성북구,동소문동1가,3.333333333333333,0.0,0.0,0.0,0.0,0.0,0.13333333333333333,0.25,0.0,0.0,0.0,0.0,3.7166666666666663,0.0,0.0,0.0,3042,2277,74.9
250,서울특별시 성북구 동소문동2가,성북구,동소문동2가,0.0,1.25,0.0,0.0,0.0,0.0,0.13333333333333333,0.0,0.43478260869565216,0.0,0.0,0.0,1.8181159420289854,0.0,0.0,0.0,3042,2277,74.9
251,서울특별시 성북구 동소문동3가,성북구,동소문동3가,0.0,0.0,0.0,0.0,0.0,0.0,0.0,0.125,0.0,0.0,0.0,0.0,0.125,0.0,0.0,0.0,3042,2277,74.9
252,서울특별시 성북구 동소문동4가,성북구,동소문동4가,0.0,0.0,0.0,0.0,0.6666666666666666,0.2127659574468085,0.13333333333333333,0.125,0.0,0.0,0.0,0.0,1.1377659574468084,0.0,0.0,0.0,3042,2277,74.9
253,서울특별시 성북구 동소문동5가,성북구,동소문동5가,0.0,0.0,0.0,0.0,0.0,0.2127659574468085,0.13333333333333333,0.125,0.0,0.0,0.0,0.0,0.4710992907801418,0.0,0.0,0.0,3042,2277,74.9
254,서울특별시 성북구 동소문동6가,성북구,동소문동6가,0.0,0.0,0.0,0.0,0.0,0.2127659574468085,0.13333333333333333,0.125,0.0,0.0,0.0,0.0,0.4710992907801418,0.0,0.0,0.0,3042,2277,74.9
255,서울특별시 성북구 동소문동7가,성북구,동소문동7가,0.0,0.0,0.0,0.0,0.0,0.0,0.13333333333333333,0.0,0.0,0.0,0.0,0.0,0.13333333333333333,0.0,0.0,0.0,3042,2277,74.9
256,서울특별시 성북구 삼선동1가,성북구,삼선동1가,0.0,0.0,0.0,0.0,0.0,0.2127659574468085,0.0,0.125,0.0,0.0,0.0,0.0,0.3377659574468085,0.0,2175.0,1995.0,3042,2277,74.9
257,서울특별시 성북구 삼선동2가,성북구,삼선동2가,0.0,0.0,0.0,0.0,0.0,0.2127659574468085,0.4,0.0,0.0,0.0,0.0,0.0,0.6127659574468085,0.0,0.0,0.0,3042,2277,74.9
258,서울특별시 성북구 삼선동3가,성북구,삼선동3가,0.0,0.0,0.0,0.0,0.0,0.0,0.0,0.125,0.0,0.0,0.0,0.0,0.125,0.0,0.0,0.0,3042,2277,74.9
259,서울특별시 성북구 삼선동4가,성북구,삼선동4가,0.0,0.0,0.0,0.0,0.0,0.2127659574468085,0.13333333333333333,0.125,0.0,0.0,0.0,0.0,0.4710992907801418,0.0,0.0,0.0,3042,2277,74.9
260,서울특별시 성북구 삼선동5가,성북구,삼선동5가,0.0,0.0,0.0,0.0,0.0,0.2127659574468085,0.13333333333333333,0.375,0.0,0.0,0.0,0.0,0.7210992907801418,0.0,0.0,0.0,3042,2277,74.9
261,서울특별시 성북구 동선동1가,성북구,동선동1가,0.0,0.0,0.0,2.5,0.0,0.6382978723404255,0.26666666666666666,0.25,0.43478260869565216,0.0,0.0,5.0,9.089747147702745,0.0,0.0,0.0,3042,2277,74.9
262,서울특별시 성북구 동선동2가,성북구,동선동2가,0.0,0.0,0.0,0.0,0.0,0.0,0.13333333333333333,0.375,0.43478260869565216,0.0,0.0,0.0,0.9431159420289854,0.0,0.0,0.0,3042,2277,74.9
263,서울특별시 성북구 동선동3가,성북구,동선동3가,0.0,0.0,0.0,0.0,0.0,0.851063829787234,0.13333333333333333,0.125,0.0,0.0,0.0,0.0,1.1093971631205672,0.0,0.0,0.0,3042,2277,74.9
264,서울특별시 성북구 동선동4가,성북구,동선동4가,0.0,1.25,0.0,0.0,0.6666666666666666,0.0,0.13333333333333333,0.5,0.0,0.0,0.0,0.0,2.55,0.0,0.0,0.0,3042,2277,74.9
265,서울특별시 성북구 동선동5가,성북구,동선동5가,0.0,0.0,0.0,0.0,0.0,0.2127659574468085,0.0,0.0,0.0,0.0,0.0,0.0,0.2127659574468085,0.0,0.0,0.0,3042,2277,74.9
266,서울특별시 성북구 안암동1가,성북구,안암동1가,0.0,0.0,0.0,0.0,0.0,0.0,0.0,0.375,0.0,0.0,0.0,0.0,0.375,0.0,0.0,0.0,3042,2277,74.9
267,서울특별시 성북구 안암동2가,성북구,안암동2가,0.0,0.0,0.0,0.0,0.0,0.425531914893617,0.13333333333333333,0.0,0.0,0.0,0.0,0.0,0.5588652482269504,0.0,0.0,0.0,3042,2277,74.9
268,서울특별시 성북구 안암동3가,성북구,안암동3가,0.0,0.0,0.0,0.0,0.0,0.0,0.0,0.25,0.0,0.0,0.0,0.0,0.25,0.0,0.0,0.0,3042,2277,74.9
269,서울특별시 성북구 안암동4가,성북구,안암동4가,0.0,0.0,0.0,0.0,0.0,0.0,0.13333333333333333,0.125,0.0,0.0,0.0,0.0,0.2583333333333333,0.0,0.0,0.0,3042,2277,74.9
270,서울특별시 성북구 안암동5가,성북구,안암동5가,3.333333333333333,0.0,6.666666666666666,0.0,3.333333333333333,1.4893617021276595,0.9333333333333333,0.875,0.8695652173913043,0.0,0.0,0.0,17.50059358618563,0.0,1512.0,1363.0,3042,2277,74.9
271,서울특별시 성북구 보문동4가,성북구,보문동4가,0.0,0.0,0.0,0.0,0.0,0.0,0.0,0.0,0.0,0.0,0.0,0.0,0.0,0.0,0.0,0.0,3042,2277,74.9
272,서울특별시 성북구 보문동5가,성북구,보문동5가,0.0,1.25,0.0,0.0,0.6666666666666666,0.0,0.13333333333333333,0.0,0.0,0.0,0.0,0.0,2.05,1939.0,1584.855,1439.0,3042,2277,74.9
273,서울특별시 성북구 보문동6가,성북구,보문동6가,0.0,0.0,0.0,0.0,0.0,0.2127659574468085,0.13333333333333333,0.0,0.0,0.0,0.0,0.0,0.34609929078014184,0.0,0.0,0.0,3042,2277,74.9
274,서울특별시 성북구 보문동7가,성북구,보문동7가,0.0,0.0,0.0,0.0,0.6666666666666666,0.2127659574468085,0.13333333333333333,0.0,0.0,0.0,0.0,0.0,1.0127659574468084,0.0,0.0,0.0,3042,2277,74.9
275,서울특별시 성북구 보문동1가,성북구,보문동1가,0.0,0.0,0.0,0.0,0.0,0.0,0.0,0.25,0.0,0.0,0.0,0.0,0.25,0.0,1547.0,1397.0,3042,2277,74.9
276,서울특별시 성북구 보문동2가,성북구,보문동2가,0.0,0.0,0.0,0.0,0.0,0.0,0.13333333333333333,0.25,0.0,0.0,0.0,0.0,0.3833333333333333,0.0,0.0,0.0,3042,2277,74.9
277,서울특별시 성북구 보문동3가,성북구,보문동3가,0.0,0.0,0.0,0.0,0.6666666666666666,0.0,0.0,0.0,0.0,0.0,0.0,0.0,0.6666666666666666,0.0,0.0,0.0,3042,2277,74.9
278,서울특별시 성북구 정릉동,성북구,정릉동,0.0,1.25,0.0,0.0,2.0,2.765957446808511,2.0,2.0,0.0,0.0,0.0,0.0,10.01595744680851,1854.0,1533.535,1380.5,3042,2277,74.9
279,서울특별시 성북구 길음동,성북구,길음동,0.0,2.5,3.333333333333333,0.0,0.0,0.6382978723404255,0.5333333333333333,0.75,0.8695652173913043,0.0,0.0,0.0,8.624529756398395,1749.0,1548.5,1404.5,3042,2277,74.9
280,서울특별시 성북구 종암동,성북구,종암동,3.333333333333333,1.25,3.333333333333333,0.0,2.6666666666666665,0.425531914893617,0.5333333333333333,1.875,0.8695652173913043,0.0,0.0,0.0,14.286763798951588,1669.645,1520.05,1369.3833333333332,3042,2277,74.9
281,서울특별시 성북구 하월곡동,성북구,하월곡동,0.0,1.25,0.0,0.0,0.0,0.851063829787234,0.9333333333333333,1.375,0.8695652173913043,0.0,0.0,0.0,5.278962380511873,1739.0,1589.0,1429.0,3042,2277,74.9
282,서울특별시 성북구 상월곡동,성북구,상월곡동,0.0,0.0,0.0,0.0,0.0,0.425531914893617,0.26666666666666666,0.5,0.0,0.0,0.0,0.0,1.1921985815602836,0.0,1579.0,1419.0,3042,2277,74.9
283,서울특별시 성북구 장위동,성북구,장위동,0.0,0.0,0.0,0.0,1.3333333333333333,0.6382978723404255,0.5333333333333333,1.125,0.0,0.0,0.0,0.0,3.629964539007092,1969.0,1531.6775,1364.3925000000004,3042,2277,74.9
284,서울특별시 성북구 석관동,성북구,석관동,0.0,1.25,3.333333333333333,0.0,0.6666666666666666,0.851063829787234,0.8,0.875,0.0,0.0,0.0,0.0,7.776063829787233,0.0,1538.0,1378.0,3042,2277,74.9
285,서울특별시 강북구,,,0.0,0.0,0.0,0.0,0.0,0.0,0.0,0.0,0.0,0.0,0.0,0.0,0.0,0.0,0.0,0.0,0,0,0.0
286,서울특별시 강북구 미아동,강북구,미아동,10.0,2.5,3.333333333333333,2.5,1.3333333333333333,4.25531914893617,3.7333333333333334,3.875,1.3043478260869565,0.0,0.0,5.0,37.834666975023126,1831.953333333333,1534.215,1406.5,3437,2743,79.8
287,서울특별시 강북구 번동,강북구,번동,6.666666666666666,1.25,3.333333333333333,0.0,2.0,1.9148936170212765,1.7333333333333334,2.125,0.43478260869565216,5.0,0.0,0.0,24.458009559050264,1793.0,1519.785,1372.785,3437,2743,79.8
288,서울특별시 강북구 수유동,강북구,수유동,0.0,1.25,0.0,0.0,4.666666666666667,4.25531914893617,3.7333333333333334,3.375,0.43478260869565216,0.0,0.0,5.0,22.715101757631825,0.0,1488.086,1351.0,3437,2743,79.8
289,서울특별시 강북구 우이동,강북구,우이동,0.0,0.0,0.0,0.0,0.6666666666666666,0.6382978723404255,0.5333333333333333,0.25,0.0,0.0,0.0,0.0,2.0882978723404255,0.0,0.0,0.0,3437,2743,79.8
290,서울특별시 도봉구,,,0.0,0.0,0.0,0.0,0.0,0.0,0.0,0.0,0.0,0.0,0.0,0.0,0.0,0.0,0.0,0.0,0,0,0.0
291,서울특별시 도봉구 쌍문동,도봉구,쌍문동,3.333333333333333,0.0,3.333333333333333,2.5,0.0,2.127659574468085,2.5333333333333337,2.0,0.0,0.0,0.0,0.0,15.827659574468084,0.0,1509.5,1367.0,2249,1676,74.5
292,서울특별시 도봉구 방학동,도봉구,방학동,0.0,3.75,0.0,0.0,2.6666666666666665,1.4893617021276595,2.0,1.375,0.0,0.0,0.0,5.0,16.281028368794324,1904.0,1585.595,1443.023333333333,2249,1676,74.5
293,서울특별시 도봉구 창동,도봉구,창동,0.0,2.5,3.333333333333333,0.0,3.333333333333333,4.25531914893617,2.0,3.25,0.8695652173913043,0.0,10.0,0.0,29.54155103299414,0.0,1521.43,1382.5720000000001,2249,1676,74.5
294,서울특별시 도봉구 도봉동,도봉구,도봉동,3.333333333333333,0.0,0.0,0.0,0.6666666666666666,1.9148936170212765,1.7333333333333334,1.0,0.0,0.0,0.0,0.0,8.648226950354609,1688.0,1621.6075,1476.5,2249,1676,74.5
295,서울특별시 노원구,,,0.0,0.0,0.0,0.0,0.0,0.0,0.0,0.0,0.0,0.0,0.0,0.0,0.0,0.0,0.0,0.0,0,0,0.0
296,서울특별시 노원구 월계동,노원구,월계동,0.0,0.0,0.0,2.5,0.6666666666666666,1.9148936170212765,1.8666666666666667,2.625,1.3043478260869565,0.0,0.0,0.0,10.877574776441566,0.0,1552.093333333333,1384.666666666667,4007,2725,68.0
297,서울특별시 노원구 공릉동,노원구,공릉동,3.333333333333333,1.25,3.333333333333333,0.0,1.3333333333333333,3.829787234042553,3.0666666666666664,2.75,1.3043478260869565,0.0,0.0,0.0,20.200801726796175,1736.0,1550.071666666667,1406.571666666667,4007,2725,68.0
298,서울특별시 노원구 하계동,노원구,하계동,3.333333333333333,0.0,0.0,0.0,1.3333333333333333,0.2127659574468085,1.0666666666666667,1.0,0.0,0.0,0.0,0.0,6.9460992907801415,1996.71,1698.5,1580.0,4007,2725,68.0
299,서울특별시 노원구 상계동,노원구,상계동,6.666666666666666,5.0,3.333333333333333,2.5,4.0,4.468085106382978,4.933333333333334,5.625,1.7391304347826086,10.0,0.0,0.0,48.26554887449892,0.0,1646.666666666667,1497.666666666667,4007,2725,68.0
300,서울특별시 노원구 중계동,노원구,중계동,3.333333333333333,3.75,0.0,2.5,1.3333333333333333,2.3404255319148937,0.9333333333333333,2.0,0.43478260869565216,0.0,0.0,10.0,26.625208140610546,0.0,1574.0,1414.0,4007,2725,68.0
301,서울특별시 은평구,,,0.0,0.0,0.0,0.0,0.0,0.0,0.0,0.0,0.0,0.0,0.0,0.0,0.0,0.0,0.0,0.0,0,0,0.0
302,서울특별시 은평구 수색동,은평구,수색동,0.0,0.0,0.0,0.0,0.0,0.0,0.0,0.0,0.0,0.0,0.0,0.0,0.0,0.0,1509.285,1343.5700000000004,3590,2863,79.7
303,서울특별시 은평구 녹번동,은평구,녹번동,0.0,0.0,3.333333333333333,0.0,0.0,0.6382978723404255,1.0666666666666667,1.5,0.0,0.0,0.0,0.0,6.538297872340425,1723.4250000000004,1582.86,1443.813333333333,3590,2863,79.7
304,서울특별시 은평구 불광동,은평구,불광동,0.0,0.0,6.666666666666666,2.5,0.6666666666666666,1.9148936170212765,1.4666666666666668,1.875,0.43478260869565216,0.0,10.0,0.0,25.524676225716927,0.0,1553.215,1396.645,3590,2863,79.7
305,서울특별시 은평구 갈현동,은평구,갈현동,0.0,0.0,3.333333333333333,0.0,0.6666666666666666,3.617021276595745,1.3333333333333333,1.625,0.43478260869565216,0.0,0.0,0.0,11.010137218624731,0.0,1593.43,1430.29,3590,2863,79.7
306,서울특별시 은평구 구산동,은평구,구산동,3.333333333333333,0.0,0.0,0.0,0.6666666666666666,0.6382978723404255,0.9333333333333333,1.0,0.0,0.0,0.0,0.0,6.571631205673759,0.0,0.0,0.0,3590,2863,79.7
307,서울특별시 은평구 대조동,은평구,대조동,0.0,1.25,0.0,2.5,2.0,0.851063829787234,0.9333333333333333,1.5,0.8695652173913043,0.0,0.0,5.0,14.903962380511873,0.0,0.0,0.0,3590,2863,79.7
308,서울특별시 은평구 응암동,은평구,응암동,3.333333333333333,3.75,0.0,2.5,0.0,2.553191489361702,2.0,2.25,0.8695652173913043,0.0,0.0,0.0,17.256090040086338,1670.57,1503.0,1352.355,3590,2863,79.7
309,서울특별시 은평구 역촌동,은평구,역촌동,0.0,0.0,0.0,0.0,1.3333333333333333,1.702127659574468,1.6,1.25,0.0,0.0,0.0,0.0,5.8854609929078014,0.0,0.0,0.0,3590,2863,79.7
310,서울특별시 은평구 신사동,은평구,신사동,6.666666666666666,0.0,3.333333333333333,0.0,6.666666666666666,4.680851063829787,3.5999999999999996,4.5,3.4782608695652173,0.0,0.0,10.0,42.92577860006167,1946.2616666666665,1691.91125,1542.125,3590,2863,79.7
311,서울특별시 은평구 증산동,은평구,증산동,0.0,0.0,0.0,0.0,0.0,0.425531914893617,0.4,0.875,0.0,0.0,0.0,0.0,1.7005319148936169,0.0,1505.0,1340.0,3590,2863,79.7
312,서울특별시 은평구 진관동,은평구,진관동,0.0,2.5,0.0,0.0,2.0,1.276595744680851,1.3333333333333333,1.375,0.8695652173913043,5.0,0.0,0.0,14.354494295405487,1770.215,1593.3833333333332,1444.996666666667,3590,2863,79.7
313,서울특별시 서대문구,,,0.0,0.0,0.0,0.0,0.0,0.0,0.0,0.0,0.0,0.0,0.0,0.0,0.0,0.0,0.0,0.0,0,0,0.0
314,서울특별시 서대문구 충정로2가,서대문구,충정로2가,0.0,1.25,0.0,0.0,0.0,0.2127659574468085,0.4,0.25,0.43478260869565216,0.0,0.0,0.0,2.547548566142461,0.0,0.0,0.0,2802,2016,71.9
315,서울특별시 서대문구 충정로3가,서대문구,충정로3가,0.0,0.0,0.0,0.0,0.6666666666666666,0.6382978723404255,0.13333333333333333,0.375,0.8695652173913043,0.0,0.0,0.0,2.68286308973173,0.0,0.0,0.0,2802,2016,71.9
316,서울특별시 서대문구 합동,서대문구,합동,0.0,0.0,0.0,0.0,0.0,0.0,0.13333333333333333,0.125,0.0,0.0,0.0,0.0,0.2583333333333333,0.0,0.0,0.0,2802,2016,71.9
317,서울특별시 서대문구 미근동,서대문구,미근동,0.0,0.0,0.0,0.0,0.0,0.0,0.26666666666666666,0.125,0.0,0.0,0.0,0.0,0.39166666666666666,0.0,0.0,0.0,2802,2016,71.9
318,서울특별시 서대문구 냉천동,서대문구,냉천동,0.0,0.0,0.0,0.0,0.0,0.0,0.13333333333333333,0.25,0.0,0.0,0.0,0.0,0.3833333333333333,0.0,0.0,0.0,2802,2016,71.9
319,서울특별시 서대문구 천연동,서대문구,천연동,0.0,0.0,0.0,0.0,0.0,0.2127659574468085,0.13333333333333333,0.125,0.0,0.0,0.0,0.0,0.4710992907801418,0.0,0.0,0.0,2802,2016,71.9
320,서울특별시 서대문구 옥천동,서대문구,옥천동,0.0,0.0,0.0,0.0,0.0,0.0,0.0,0.0,0.0,0.0,0.0,0.0,0.0,0.0,0.0,0.0,2802,2016,71.9
321,서울특별시 서대문구 영천동,서대문구,영천동,0.0,0.0,0.0,0.0,0.0,0.2127659574468085,0.0,0.0,0.0,0.0,0.0,0.0,0.2127659574468085,0.0,0.0,0.0,2802,2016,71.9
322,서울특별시 서대문구 현저동,서대문구,현저동,0.0,0.0,0.0,0.0,0.0,0.0,0.4,0.0,0.0,0.0,0.0,0.0,0.4,0.0,0.0,0.0,2802,2016,71.9
323,서울특별시 서대문구 북아현동,서대문구,북아현동,0.0,0.0,0.0,0.0,0.6666666666666666,0.0,1.0666666666666667,0.5,0.43478260869565216,0.0,0.0,0.0,2.6681159420289857,0.0,0.0,0.0,2802,2016,71.9
324,서울특별시 서대문구 홍제동,서대문구,홍제동,3.333333333333333,0.0,3.333333333333333,0.0,0.6666666666666666,1.0638297872340425,1.7333333333333334,1.375,0.43478260869565216,0.0,0.0,0.0,11.94027906259636,1893.43,1593.1799999999996,1436.465,2802,2016,71.9
325,서울특별시 서대문구 대현동,서대문구,대현동,0.0,1.25,0.0,2.5,0.6666666666666666,1.0638297872340425,0.8,0.625,0.8695652173913043,0.0,0.0,0.0,7.775061671292014,0.0,0.0,0.0,2802,2016,71.9
326,서울특별시 서대문구 대신동,서대문구,대신동,0.0,0.0,0.0,0.0,0.6666666666666666,0.2127659574468085,0.6666666666666666,0.375,0.43478260869565216,0.0,0.0,0.0,2.355881899475794,2199.0,1999.0,1836.0,2802,2016,71.9
327,서울특별시 서대문구 신촌동,서대문구,신촌동,0.0,0.0,0.0,0.0,0.0,0.0,0.6666666666666666,0.125,0.8695652173913043,0.0,10.0,0.0,11.66123188405797,0.0,0.0,0.0,2802,2016,71.9
328,서울특별시 서대문구 봉원동,서대문구,봉원동,0.0,0.0,0.0,0.0,0.0,0.0,0.0,0.0,0.0,0.0,0.0,0.0,0.0,0.0,0.0,0.0,2802,2016,71.9
329,서울특별시 서대문구 창천동,서대문구,창천동,3.333333333333333,1.25,6.666666666666666,2.5,0.6666666666666666,1.9148936170212765,1.2,1.5,3.0434782608695654,0.0,0.0,5.0,27.07503854455751,1990.86,1561.86,1401.86,2802,2016,71.9
330,서울특별시 서대문구 연희동,서대문구,연희동,0.0,0.0,3.333333333333333,0.0,0.0,1.276595744680851,2.0,1.75,0.8695652173913043,0.0,0.0,0.0,9.229494295405487,1919.0,1556.83,1395.9720000000002,2802,2016,71.9
331,서울특별시 서대문구 홍은동,서대문구,홍은동,0.0,0.0,0.0,0.0,0.6666666666666666,1.4893617021276595,1.3333333333333333,0.875,0.0,0.0,0.0,0.0,4.36436170212766,0.0,1552.785,1396.36,2802,2016,71.9
332,서울특별시 서대문구 북가좌동,서대문구,북가좌동,0.0,0.0,3.333333333333333,0.0,0.0,1.702127659574468,1.8666666666666667,1.75,0.0,0.0,0.0,0.0,8.652127659574468,0.0,0.0,0.0,2802,2016,71.9
333,서울특별시 서대문구 남가좌동,서대문구,남가좌동,3.333333333333333,1.25,0.0,0.0,0.0,1.0638297872340425,1.2,1.5,0.8695652173913043,0.0,0.0,0.0,9.216728337958681,0.0,1538.36,1378.36,2802,2016,71.9
334,서울특별시 마포구,,,0.0,0.0,0.0,0.0,0.0,0.0,0.0,0.0,0.0,0.0,0.0,0.0,0.0,0.0,0.0,0.0,0,0,0.0
335,서울특별시 마포구 아현동,마포구,아현동,0.0,0.0,0.0,0.0,0.6666666666666666,0.851063829787234,0.5333333333333333,0.625,0.8695652173913043,0.0,0.0,0.0,3.545629047178538,0.0,0.0,0.0,5172,3569,69.0
336,서울특별시 마포구 공덕동,마포구,공덕동,0.0,0.0,3.333333333333333,0.0,0.0,0.851063829787234,1.0666666666666667,1.125,0.43478260869565216,0.0,0.0,0.0,6.810846438482885,0.0,1898.0,1765.0,5172,3569,69.0
337,서울특별시 마포구 신공덕동,마포구,신공덕동,0.0,0.0,0.0,0.0,0.0,0.2127659574468085,0.4,0.375,0.43478260869565216,0.0,0.0,0.0,1.4225485661424606,0.0,0.0,0.0,5172,3569,69.0
338,서울특별시 마포구 도화동,마포구,도화동,3.333333333333333,0.0,0.0,0.0,0.6666666666666666,2.127659574468085,0.5333333333333333,1.375,1.3043478260869565,0.0,0.0,0.0,9.340340733888375,0.0,1989.0,1799.0,5172,3569,69.0
339,서울특별시 마포구 용강동,마포구,용강동,0.0,0.0,0.0,0.0,0.0,0.425531914893617,0.4,0.375,0.43478260869565216,0.0,0.0,0.0,1.6353145235892692,0.0,1697.0,1529.0,5172,3569,69.0
340,서울특별시 마포구 토정동,마포구,토정동,0.0,0.0,0.0,0.0,0.0,0.2127659574468085,0.0,0.0,0.0,0.0,0.0,0.0,0.2127659574468085,0.0,0.0,0.0,5172,3569,69.0
341,서울특별시 마포구 마포동,마포구,마포동,0.0,0.0,0.0,0.0,0.0,0.2127659574468085,0.13333333333333333,0.125,0.0,0.0,0.0,0.0,0.4710992907801418,0.0,0.0,0.0,5172,3569,69.0
342,서울특별시 마포구 대흥동,마포구,대흥동,0.0,1.25,0.0,0.0,0.6666666666666666,0.6382978723404255,0.5333333333333333,1.0,0.43478260869565216,0.0,0.0,0.0,4.523080481036078,2192.0,1699.0,1542.0,5172,3569,69.0
343,서울특별시 마포구 염리동,마포구,염리동,0.0,0.0,0.0,0.0,0.0,0.6382978723404255,0.6666666666666666,0.125,0.43478260869565216,0.0,0.0,0.0,1.8647471477027442,0.0,0.0,0.0,5172,3569,69.0
344,서울특별시 마포구 노고산동,마포구,노고산동,0.0,1.25,0.0,0.0,0.0,0.851063829787234,0.8,0.75,0.43478260869565216,0.0,0.0,0.0,4.0858464384828865,0.0,0.0,0.0,5172,3569,69.0
345,서울특별시 마포구 신수동,마포구,신수동,0.0,0.0,0.0,0.0,0.6666666666666666,0.851063829787234,0.4,0.75,0.8695652173913043,0.0,0.0,0.0,3.537295713845205,0.0,0.0,0.0,5172,3569,69.0
346,서울특별시 마포구 현석동,마포구,현석동,0.0,0.0,0.0,0.0,0.0,0.0,0.13333333333333333,0.375,0.0,0.0,0.0,0.0,0.5083333333333333,0.0,0.0,0.0,5172,3569,69.0
347,서울특별시 마포구 구수동,마포구,구수동,0.0,0.0,0.0,0.0,0.6666666666666666,0.0,0.0,0.125,0.0,0.0,0.0,0.0,0.7916666666666666,0.0,0.0,0.0,5172,3569,69.0
348,서울특별시 마포구 창전동,마포구,창전동,0.0,0.0,0.0,0.0,0.0,0.851063829787234,0.26666666666666666,1.0,0.43478260869565216,0.0,0.0,0.0,2.552513105149553,2109.0,1939.0,1765.0,5172,3569,69.0
349,서울특별시 마포구 상수동,마포구,상수동,0.0,0.0,0.0,0.0,1.3333333333333333,0.2127659574468085,0.5333333333333333,1.0,0.8695652173913043,0.0,0.0,0.0,3.9489978415047795,0.0,0.0,0.0,5172,3569,69.0
350,서울특별시 마포구 하중동,마포구,하중동,0.0,0.0,0.0,0.0,0.0,0.0,0.0,0.0,0.0,0.0,0.0,0.0,0.0,0.0,0.0,0.0,5172,3569,69.0
351,서울특별시 마포구 신정동,마포구,신정동,3.333333333333333,1.25,3.333333333333333,0.0,1.3333333333333333,5.531914893617022,2.5333333333333337,3.625,1.3043478260869565,0.0,0.0,0.0,22.24459605303731,1900.942,1617.4536363636362,1465.3772727272726,5172,3569,69.0
352,서울특별시 마포구 당인동,마포구,당인동,0.0,0.0,0.0,0.0,0.0,0.2127659574468085,0.0,0.0,0.0,0.0,0.0,0.0,0.2127659574468085,0.0,0.0,0.0,5172,3569,69.0
353,서울특별시 마포구 서교동,마포구,서교동,3.333333333333333,1.25,3.333333333333333,0.0,2.6666666666666665,5.106382978723404,2.6666666666666665,2.125,3.4782608695652173,5.0,0.0,0.0,28.95964384828862,0.0,0.0,0.0,5172,3569,69.0
354,서울특별시 마포구 동교동,마포구,동교동,3.333333333333333,0.0,3.333333333333333,2.5,1.3333333333333333,1.4893617021276595,0.8,0.875,1.3043478260869565,5.0,10.0,5.0,34.96870952821462,0.0,0.0,0.0,5172,3569,69.0
355,서울특별시 마포구 합정동,마포구,합정동,0.0,0.0,0.0,0.0,0.0,1.0638297872340425,0.9333333333333333,1.375,0.43478260869565216,0.0,0.0,0.0,3.8069457292630284,0.0,1840.0,1670.0,5172,3569,69.0
356,서울특별시 마포구 망원동,마포구,망원동,3.333333333333333,1.25,0.0,0.0,0.6666666666666666,1.9148936170212765,1.4666666666666668,1.5,0.0,0.0,0.0,0.0,10.131560283687943,0.0,1598.0,1478.0,5172,3569,69.0
357,서울특별시 마포구 연남동,마포구,연남동,0.0,0.0,0.0,0.0,0.0,1.0638297872340425,0.9333333333333333,1.5,0.0,0.0,0.0,0.0,3.497163120567376,0.0,0.0,0.0,5172,3569,69.0
358,서울특별시 마포구 성산동,마포구,성산동,0.0,0.0,0.0,0.0,2.0,1.4893617021276595,1.6,2.75,0.0,0.0,10.0,0.0,17.83936170212766,2038.5,1650.25,1537.75,5172,3569,69.0
359,서울특별시 마포구 중동,마포구,중동,0.0,0.0,0.0,0.0,0.0,0.6382978723404255,0.0,0.25,0.0,0.0,0.0,0.0,0.8882978723404255,0.0,0.0,0.0,5172,3569,69.0
360,서울특별시 마포구 상암동,마포구,상암동,3.333333333333333,1.25,6.666666666666666,2.5,3.333333333333333,1.9148936170212765,2.1333333333333333,1.625,2.1739130434782608,0.0,0.0,0.0,24.930473327166204,0.0,0.0,0.0,5172,3569,69.0
361,서울특별시 양천구,,,0.0,0.0,0.0,0.0,0.0,0.0,0.0,0.0,0.0,0.0,0.0,0.0,0.0,0.0,0.0,0.0,0,0,0.0
362,서울특별시 양천구 신정동,양천구,신정동,3.333333333333333,1.25,3.333333333333333,0.0,1.3333333333333333,5.531914893617022,2.5333333333333337,3.625,1.3043478260869565,0.0,0.0,0.0,22.24459605303731,1900.942,1617.4536363636362,1465.3772727272726,3515,2459,70.0
363,서울특별시 양천구 목동,양천구,목동,3.333333333333333,3.75,10.0,0.0,1.3333333333333333,4.25531914893617,4.4,3.875,4.3478260869565215,0.0,10.0,5.0,50.29481190255936,1769.76,1536.3083333333334,1392.618333333333,3515,2459,70.0
364,서울특별시 양천구 신월동,양천구,신월동,6.666666666666666,1.25,3.333333333333333,0.0,2.0,2.127659574468085,3.2,3.625,0.43478260869565216,0.0,0.0,0.0,22.63744218316374,1666.14,1514.9688888888888,1353.5244444444445,3515,2459,70.0
365,서울특별시 강서구,,,0.0,0.0,0.0,0.0,0.0,0.0,0.0,0.0,0.0,0.0,0.0,0.0,0.0,0.0,0.0,0.0,0,0,0.0
366,서울특별시 강서구 염창동,강서구,염창동,3.333333333333333,1.25,0.0,2.5,0.0,1.0638297872340425,1.4666666666666668,1.25,0.43478260869565216,0.0,0.0,0.0,11.298612395929695,1695.0,1673.5,1523.0,4629,3469,74.9
367,서울특별시 강서구 등촌동,강서구,등촌동,3.333333333333333,3.75,0.0,0.0,2.6666666666666665,3.1914893617021276,2.5333333333333337,2.25,1.3043478260869565,5.0,0.0,5.0,29.029170521122417,0.0,1545.57,1403.3575,4629,3469,74.9
368,서울특별시 강서구 화곡동,강서구,화곡동,3.333333333333333,1.25,3.333333333333333,7.5,6.0,8.085106382978722,6.533333333333333,6.625,1.3043478260869565,0.0,10.0,0.0,53.96445420906567,1685.906666666667,1498.8575,1348.76625,4629,3469,74.9
369,서울특별시 강서구 가양동,강서구,가양동,0.0,0.0,3.333333333333333,0.0,1.3333333333333333,0.425531914893617,1.2,1.25,0.0,0.0,0.0,0.0,7.542198581560283,1742.0,1543.6075,1395.1775,4629,3469,74.9
370,서울특별시 강서구 마곡동,강서구,마곡동,0.0,2.5,3.333333333333333,0.0,0.0,3.617021276595745,3.8666666666666667,3.625,2.1739130434782608,0.0,10.0,0.0,29.115934320074008,1769.0,1536.285,1383.285,4629,3469,74.9
371,서울특별시 강서구 내발산동,강서구,내발산동,0.0,0.0,3.333333333333333,0.0,0.6666666666666666,1.276595744680851,1.2,1.25,0.43478260869565216,0.0,0.0,0.0,8.161378353376502,1718.0,1488.4733333333334,1362.8100000000004,4629,3469,74.9
372,서울특별시 강서구 외발산동,강서구,외발산동,0.0,0.0,0.0,0.0,0.0,0.0,0.26666666666666666,0.0,0.0,0.0,0.0,0.0,0.26666666666666666,1868.0,1491.5,1349.4299999999996,4629,3469,74.9
373,서울특별시 강서구 공항동,강서구,공항동,3.333333333333333,3.75,0.0,0.0,2.0,1.0638297872340425,1.2,1.375,0.0,0.0,0.0,0.0,12.722163120567377,0.0,1561.71,1407.21,4629,3469,74.9
374,서울특별시 강서구 방화동,강서구,방화동,0.0,3.75,0.0,0.0,2.0,3.1914893617021276,2.4,1.875,0.43478260869565216,5.0,0.0,0.0,18.65127197039778,1645.0,1566.75,1386.75,4629,3469,74.9
375,서울특별시 강서구 개화동,강서구,개화동,0.0,0.0,0.0,0.0,0.0,0.2127659574468085,0.13333333333333333,0.125,0.0,0.0,0.0,0.0,0.4710992907801418,0.0,1497.0,1337.0,4629,3469,74.9
376,서울특별시 강서구 과해동,강서구,과해동,0.0,0.0,0.0,0.0,0.0,0.0,0.26666666666666666,0.0,0.0,0.0,0.0,0.0,0.26666666666666666,0.0,0.0,0.0,4629,3469,74.9
377,서울특별시 강서구 오곡동,강서구,오곡동,0.0,0.0,0.0,0.0,0.0,0.0,0.13333333333333333,0.0,0.0,0.0,0.0,0.0,0.13333333333333333,0.0,1592.5,1403.715,4629,3469,74.9
378,서울특별시 강서구 오쇠동,강서구,오쇠동,0.0,0.0,0.0,0.0,0.0,0.0,0.0,0.0,0.0,0.0,0.0,0.0,0.0,0.0,0.0,0.0,4629,3469,74.9
379,서울특별시 구로구,,,0.0,0.0,0.0,0.0,0.0,0.0,0.0,0.0,0.0,0.0,0.0,0.0,0.0,0.0,0.0,0.0,0,0,0.0
380,서울특별시 구로구 신도림동,구로구,신도림동,3.333333333333333,1.25,0.0,0.0,0.6666666666666666,1.0638297872340425,0.8,1.0,1.3043478260869565,5.0,0.0,0.0,14.418177613321,1728.0,1539.0,1339.0,4810,3338,69.4
381,서울특별시 구로구 구로동,구로구,구로동,6.666666666666666,2.5,10.0,2.5,10.0,5.531914893617022,5.733333333333333,5.375,2.608695652173913,0.0,0.0,5.0,55.91561054579093,1755.71,1637.8244444444442,1464.8877777777775,4810,3338,69.4
382,서울특별시 구로구 가리봉동,구로구,가리봉동,0.0,0.0,0.0,0.0,0.0,0.425531914893617,0.5333333333333333,0.25,0.0,0.0,0.0,0.0,1.2088652482269504,0.0,1579.0,1377.0,4810,3338,69.4
383,서울특별시 구로구 고척동,구로구,고척동,3.333333333333333,1.25,0.0,0.0,0.6666666666666666,1.702127659574468,1.0666666666666667,1.75,0.0,0.0,0.0,0.0,9.768794326241135,0.0,1530.855,1375.855,4810,3338,69.4
384,서울특별시 구로구 개봉동,구로구,개봉동,0.0,1.25,3.333333333333333,0.0,1.3333333333333333,1.702127659574468,1.3333333333333333,1.625,0.0,0.0,0.0,0.0,10.577127659574469,0.0,1542.5,1391.785,4810,3338,69.4
385,서울특별시 구로구 오류동,구로구,오류동,0.0,2.5,0.0,0.0,2.6666666666666665,1.702127659574468,1.3333333333333333,2.125,0.43478260869565216,0.0,0.0,0.0,10.761910268270121,0.0,1618.9299999999996,1483.855,4810,3338,69.4
386,서울특별시 구로구 궁동,구로구,궁동,0.0,0.0,0.0,0.0,0.0,0.425531914893617,0.26666666666666666,0.375,0.0,0.0,0.0,0.0,1.0671985815602836,0.0,1498.0,1339.0,4810,3338,69.4
387,서울특별시 구로구 온수동,구로구,온수동,0.0,0.0,0.0,0.0,0.0,0.0,0.6666666666666666,0.75,0.0,0.0,0.0,0.0,1.4166666666666665,0.0,1513.0,1355.5,4810,3338,69.4
388,서울특별시 구로구 천왕동,구로구,천왕동,0.0,0.0,0.0,0.0,0.0,0.0,0.0,0.25,0.0,0.0,0.0,0.0,0.25,0.0,0.0,0.0,4810,3338,69.4
389,서울특별시 구로구 항동,구로구,항동,0.0,0.0,0.0,0.0,0.0,0.2127659574468085,0.13333333333333333,0.25,0.0,0.0,0.0,0.0,0.5960992907801418,0.0,1498.0,1334.0,4810,3338,69.4
390,서울특별시 금천구,,,0.0,0.0,0.0,0.0,0.0,0.0,0.0,0.0,0.0,0.0,0.0,0.0,0.0,0.0,0.0,0.0,0,0,0.0
391,서울특별시 금천구 가산동,금천구,가산동,10.0,1.25,10.0,2.5,9.333333333333334,3.1914893617021276,4.0,3.5,3.0434782608695654,5.0,0.0,0.0,51.81830095590502,0.0,1496.43,1346.43,3293,2567,78.0
392,서울특별시 금천구 독산동,금천구,독산동,0.0,1.25,3.333333333333333,2.5,3.333333333333333,3.1914893617021276,3.333333333333333,3.75,0.8695652173913043,5.0,0.0,0.0,26.56105457909343,0.0,1561.7383333333335,1417.976666666667,3293,2567,78.0
393,서울특별시 금천구 시흥동,금천구,시흥동,3.333333333333333,1.25,0.0,0.0,2.6666666666666665,2.127659574468085,2.9333333333333336,3.125,0.43478260869565216,0.0,0.0,0.0,15.87077551649707,1674.71,1528.263333333333,1381.215,3293,2567,78.0
394,서울특별시 영등포구,,,0.0,0.0,0.0,0.0,0.0,0.0,0.0,0.0,0.0,0.0,0.0,0.0,0.0,0.0,0.0,0.0,0,0,0.0
395,서울특별시 영등포구 영등포동,영등포구,영등포동,0.0,2.5,0.0,2.5,0.0,1.0638297872340425,0.26666666666666666,0.5,0.0,10.0,0.0,0.0,16.830496453900707,0.0,1559.0,1389.0,5840,3922,67.2
396,서울특별시 영등포구 영등포동1가,영등포구,영등포동1가,0.0,0.0,0.0,0.0,0.0,0.425531914893617,0.4,0.25,0.43478260869565216,0.0,0.0,0.0,1.5103145235892692,0.0,0.0,0.0,5840,3922,67.2
397,서울특별시 영등포구 영등포동2가,영등포구,영등포동2가,0.0,0.0,0.0,0.0,0.0,0.2127659574468085,0.4,0.125,0.0,0.0,0.0,0.0,0.7377659574468085,0.0,0.0,0.0,5840,3922,67.2
398,서울특별시 영등포구 영등포동3가,영등포구,영등포동3가,3.333333333333333,0.0,0.0,0.0,0.0,1.276595744680851,0.4,0.5,0.43478260869565216,0.0,0.0,0.0,5.944711686709836,0.0,0.0,0.0,5840,3922,67.2
399,서울특별시 영등포구 영등포동4가,영등포구,영등포동4가,0.0,1.25,0.0,2.5,0.0,0.425531914893617,0.13333333333333333,0.875,1.7391304347826086,0.0,0.0,5.0,11.922995683009558,0.0,0.0,0.0,5840,3922,67.2
400,서울특별시 영등포구 영등포동5가,영등포구,영등포동5가,0.0,0.0,0.0,0.0,0.0,0.2127659574468085,0.13333333333333333,0.125,0.0,0.0,0.0,0.0,0.4710992907801418,0.0,0.0,0.0,5840,3922,67.2
401,서울특별시 영등포구 영등포동6가,영등포구,영등포동6가,0.0,0.0,0.0,0.0,0.0,0.0,0.13333333333333333,0.25,0.0,0.0,0.0,0.0,0.3833333333333333,0.0,0.0,0.0,5840,3922,67.2
402,서울특별시 영등포구 영등포동7가,영등포구,영등포동7가,0.0,0.0,0.0,0.0,0.0,0.2127659574468085,0.6666666666666666,0.25,0.0,0.0,0.0,0.0,1.1294326241134751,0.0,1659.0,1520.0,5840,3922,67.2
403,서울특별시 영등포구 영등포동8가,영등포구,영등포동8가,0.0,0.0,3.333333333333333,0.0,0.0,0.425531914893617,0.26666666666666666,0.0,0.43478260869565216,0.0,0.0,0.0,4.460314523589269,0.0,0.0,0.0,5840,3922,67.2
404,서울특별시 영등포구 여의도동,영등포구,여의도동,3.333333333333333,2.5,3.333333333333333,5.0,2.6666666666666665,4.25531914893617,2.9333333333333336,3.25,8.26086956521739,0.0,0.0,5.0,40.53285538082022,2064.0,1915.8,1747.0,5840,3922,67.2
405,서울특별시 영등포구 당산동1가,영등포구,당산동1가,0.0,0.0,0.0,0.0,0.0,0.6382978723404255,0.13333333333333333,0.375,0.0,0.0,0.0,0.0,1.1466312056737586,1749.0,1550.43,1430.43,5840,3922,67.2
406,서울특별시 영등포구 당산동2가,영등포구,당산동2가,0.0,0.0,0.0,0.0,0.0,0.0,0.26666666666666666,0.5,0.0,0.0,0.0,0.0,0.7666666666666666,0.0,0.0,0.0,5840,3922,67.2
407,서울특별시 영등포구 당산동3가,영등포구,당산동3가,0.0,0.0,0.0,0.0,0.0,0.6382978723404255,0.8,0.75,0.0,0.0,0.0,0.0,2.1882978723404256,0.0,0.0,0.0,5840,3922,67.2
408,서울특별시 영등포구 당산동4가,영등포구,당산동4가,0.0,0.0,0.0,0.0,0.0,0.0,0.26666666666666666,0.75,0.0,0.0,0.0,0.0,1.0166666666666666,0.0,0.0,0.0,5840,3922,67.2
409,서울특별시 영등포구 당산동5가,영등포구,당산동5가,0.0,0.0,0.0,0.0,0.6666666666666666,0.2127659574468085,0.4,0.75,0.0,0.0,0.0,0.0,2.029432624113475,0.0,0.0,0.0,5840,3922,67.2
410,서울특별시 영등포구 당산동6가,영등포구,당산동6가,0.0,0.0,3.333333333333333,2.5,0.0,0.6382978723404255,0.4,0.625,1.3043478260869565,0.0,0.0,0.0,8.800979031760715,0.0,0.0,0.0,5840,3922,67.2
411,서울특별시 영등포구 당산동,영등포구,당산동,0.0,0.0,0.0,0.0,1.3333333333333333,0.0,0.4,0.5,0.0,0.0,0.0,0.0,2.2333333333333334,2029.0,1911.43,1780.0,5840,3922,67.2
412,서울특별시 영등포구 도림동,영등포구,도림동,0.0,0.0,0.0,0.0,0.0,0.6382978723404255,0.5333333333333333,0.5,0.0,0.0,0.0,0.0,1.6716312056737586,0.0,1509.0,1339.0,5840,3922,67.2
413,서울특별시 영등포구 문래동1가,영등포구,문래동1가,0.0,0.0,0.0,0.0,0.0,0.0,0.0,0.125,0.0,0.0,0.0,0.0,0.125,0.0,0.0,0.0,5840,3922,67.2
414,서울특별시 영등포구 문래동2가,영등포구,문래동2가,0.0,0.0,0.0,0.0,0.0,0.0,0.13333333333333333,0.25,0.0,0.0,0.0,0.0,0.3833333333333333,1706.14,1550.43,1399.0,5840,3922,67.2
415,서울특별시 영등포구 문래동3가,영등포구,문래동3가,0.0,1.25,0.0,0.0,0.0,0.2127659574468085,0.8,1.0,1.3043478260869565,0.0,0.0,0.0,4.567113783533765,0.0,1684.5,1524.5,5840,3922,67.2
416,서울특별시 영등포구 문래동4가,영등포구,문래동4가,0.0,0.0,0.0,0.0,0.0,0.0,0.13333333333333333,0.125,0.0,0.0,0.0,0.0,0.2583333333333333,0.0,0.0,0.0,5840,3922,67.2
417,서울특별시 영등포구 문래동5가,영등포구,문래동5가,0.0,0.0,0.0,0.0,0.0,0.2127659574468085,0.13333333333333333,0.25,0.0,0.0,0.0,0.0,0.5960992907801418,0.0,0.0,0.0,5840,3922,67.2
418,서울특별시 영등포구 문래동6가,영등포구,문래동6가,0.0,0.0,0.0,0.0,0.0,0.6382978723404255,0.0,0.25,0.0,0.0,0.0,0.0,0.8882978723404255,0.0,0.0,0.0,5840,3922,67.2
419,서울특별시 영등포구 양평동1가,영등포구,양평동1가,0.0,0.0,0.0,0.0,0.0,0.0,0.13333333333333333,0.125,0.0,0.0,0.0,0.0,0.2583333333333333,0.0,1626.14,1510.43,5840,3922,67.2
420,서울특별시 영등포구 양평동2가,영등포구,양평동2가,0.0,0.0,0.0,0.0,0.0,0.425531914893617,0.4,0.375,0.0,0.0,0.0,0.0,1.200531914893617,0.0,0.0,0.0,5840,3922,67.2
421,서울특별시 영등포구 양평동3가,영등포구,양평동3가,3.333333333333333,1.25,3.333333333333333,0.0,0.6666666666666666,0.851063829787234,0.4,0.5,0.0,0.0,0.0,0.0,10.334397163120567,0.0,1570.29,1434.29,5840,3922,67.2
422,서울특별시 영등포구 양평동4가,영등포구,양평동4가,0.0,0.0,0.0,0.0,0.0,0.425531914893617,0.4,0.75,0.8695652173913043,0.0,0.0,0.0,2.4450971322849213,0.0,1607.5,1464.5,5840,3922,67.2
423,서울특별시 영등포구 양평동5가,영등포구,양평동5가,0.0,0.0,0.0,0.0,0.0,0.6382978723404255,0.4,0.5,0.0,0.0,0.0,0.0,1.5382978723404255,0.0,1566.0,1430.0,5840,3922,67.2
424,서울특별시 영등포구 양평동6가,영등포구,양평동6가,0.0,0.0,0.0,0.0,0.0,0.2127659574468085,0.0,0.125,0.0,0.0,0.0,0.0,0.3377659574468085,0.0,0.0,0.0,5840,3922,67.2
425,서울특별시 영등포구 양화동,영등포구,양화동,0.0,0.0,0.0,0.0,0.0,0.0,0.0,0.625,0.0,0.0,0.0,0.0,0.625,0.0,0.0,0.0,5840,3922,67.2
426,서울특별시 영등포구 신길동,영등포구,신길동,3.333333333333333,1.25,0.0,0.0,1.3333333333333333,1.702127659574468,1.7333333333333334,3.5,0.43478260869565216,0.0,0.0,0.0,13.28691026827012,1661.785,1529.57125,1382.0,5840,3922,67.2
427,서울특별시 영등포구 대림동,영등포구,대림동,0.0,1.25,0.0,0.0,2.6666666666666665,1.702127659574468,2.0,2.75,0.0,0.0,0.0,0.0,10.368794326241135,0.0,1531.5,1379.0,5840,3922,67.2
428,서울특별시 영등포구 양평동,영등포구,양평동,0.0,0.0,0.0,0.0,0.0,0.0,0.0,0.0,0.0,0.0,0.0,0.0,0.0,0.0,0.0,0.0,5840,3922,67.2
429,서울특별시 동작구,,,0.0,0.0,0.0,0.0,0.0,0.0,0.0,0.0,0.0,0.0,0.0,0.0,0.0,0.0,0.0,0.0,0,0,0.0
430,서울특별시 동작구 노량진동,동작구,노량진동,3.333333333333333,1.25,3.333333333333333,2.5,1.3333333333333333,1.702127659574468,2.1333333333333333,2.125,0.43478260869565216,0.0,0.0,0.0,18.14524360160345,0.0,1583.29,1453.29,3100,2090,67.4
431,서울특별시 동작구 상도동,동작구,상도동,3.333333333333333,1.25,0.0,0.0,2.0,2.765957446808511,2.2666666666666666,3.5,1.3043478260869565,0.0,0.0,0.0,16.420305272895465,1756.14,1584.785,1465.5,3100,2090,67.4
432,서울특별시 동작구 상도1동,동작구,상도1동,0.0,0.0,0.0,0.0,0.6666666666666666,0.851063829787234,0.6666666666666666,0.75,0.0,0.0,0.0,0.0,2.9343971631205674,0.0,0.0,0.0,3100,2090,67.4
433,서울특별시 동작구 본동,동작구,본동,0.0,0.0,0.0,0.0,0.0,0.0,0.4,0.25,0.0,0.0,0.0,0.0,0.65,0.0,0.0,0.0,3100,2090,67.4
434,서울특별시 동작구 흑석동,동작구,흑석동,3.333333333333333,1.25,0.0,0.0,0.0,1.276595744680851,1.0666666666666667,0.75,0.43478260869565216,0.0,0.0,0.0,8.111378353376503,0.0,1668.14,1528.14,3100,2090,67.4
435,서울특별시 동작구 동작동,동작구,동작동,0.0,0.0,0.0,0.0,0.0,0.0,0.13333333333333333,0.25,0.0,0.0,0.0,0.0,0.3833333333333333,0.0,0.0,0.0,3100,2090,67.4
436,서울특별시 동작구 사당동,동작구,사당동,3.333333333333333,2.5,3.333333333333333,0.0,2.6666666666666665,4.042553191489361,1.8666666666666667,3.75,1.3043478260869565,0.0,10.0,0.0,32.79690101757632,0.0,1581.5,1441.785,3100,2090,67.4
437,서울특별시 동작구 대방동,동작구,대방동,0.0,0.0,3.333333333333333,0.0,2.6666666666666665,1.4893617021276595,0.5333333333333333,1.375,0.0,0.0,0.0,0.0,9.397695035460991,1728.57,1552.57,1422.57,3100,2090,67.4
438,서울특별시 동작구 신대방동,동작구,신대방동,0.0,1.25,0.0,2.5,0.6666666666666666,0.851063829787234,1.8666666666666667,1.125,0.43478260869565216,0.0,0.0,0.0,8.69417977181622,1865.0,1595.0,1475.0,3100,2090,67.4
439,서울특별시 관악구,,,0.0,0.0,0.0,0.0,0.0,0.0,0.0,0.0,0.0,0.0,0.0,0.0,0.0,0.0,0.0,0.0,0,0,0.0
440,서울특별시 관악구 봉천동,관악구,봉천동,0.0,3.75,10.0,7.5,3.333333333333333,8.297872340425531,6.800000000000001,8.375,2.1739130434782608,5.0,0.0,0.0,55.230118717237126,1867.763333333333,1582.4914285714285,1453.1028571428574,5026,3653,72.7
441,서울특별시 관악구 신림동,관악구,신림동,3.333333333333333,2.5,3.333333333333333,0.0,6.666666666666666,8.51063829787234,10.0,8.875,1.7391304347826086,5.0,0.0,0.0,49.95810206598828,1739.71,1584.448571428571,1444.2228571428573,5026,3653,72.7
442,서울특별시 관악구 남현동,관악구,남현동,0.0,1.25,0.0,0.0,0.6666666666666666,1.276595744680851,0.5333333333333333,0.75,0.43478260869565216,0.0,0.0,0.0,4.911378353376503,0.0,1586.145,1446.145,5026,3653,72.7
443,서울특별시 서초구,,,0.0,0.0,0.0,0.0,0.0,0.0,0.0,0.0,0.0,0.0,0.0,0.0,0.0,0.0,0.0,0.0,0,0,0.0
444,서울특별시 서초구 방배동,서초구,방배동,0.0,1.25,6.666666666666666,5.0,7.333333333333333,3.829787234042553,3.333333333333333,3.5,3.4782608695652173,0.0,0.0,0.0,34.3913814369411,1917.6,1657.5537500000007,1532.2325,4726,3183,67.4
445,서울특별시 서초구 양재동,서초구,양재동,6.666666666666666,1.25,3.333333333333333,2.5,4.0,4.468085106382978,1.2,2.625,0.8695652173913043,0.0,0.0,0.0,26.912650323774283,1900.0966666666666,1634.0,1480.8771428571429,4726,3183,67.4
446,서울특별시 서초구 우면동,서초구,우면동,0.0,0.0,0.0,0.0,0.0,0.2127659574468085,0.8,0.625,0.0,0.0,0.0,0.0,1.6377659574468086,0.0,1566.0700000000004,1415.5700000000004,4726,3183,67.4
447,서울특별시 서초구 원지동,서초구,원지동,0.0,0.0,0.0,0.0,0.0,0.0,0.0,0.125,0.0,0.0,0.0,0.0,0.125,0.0,1502.29,1337.29,4726,3183,67.4
448,서울특별시 서초구 잠원동,서초구,잠원동,0.0,0.0,3.333333333333333,2.5,0.6666666666666666,1.276595744680851,1.3333333333333333,1.875,1.7391304347826086,0.0,0.0,0.0,12.724059512796792,1797.0,1647.0,1527.0,4726,3183,67.4
449,서울특별시 서초구 반포동,서초구,반포동,0.0,1.25,6.666666666666666,0.0,2.6666666666666665,3.1914893617021276,1.7333333333333334,2.25,3.0434782608695654,0.0,10.0,0.0,30.80163428923836,1798.5,1622.5,1511.785,4726,3183,67.4
450,서울특별시 서초구 서초동,서초구,서초동,10.0,1.25,3.333333333333333,10.0,5.333333333333333,7.872340425531915,6.533333333333333,6.0,8.695652173913043,0.0,10.0,0.0,69.01799259944497,1908.814,1704.1036363636365,1568.921818181818,4726,3183,67.4
451,서울특별시 서초구 내곡동,서초구,내곡동,0.0,0.0,0.0,0.0,0.0,0.0,0.13333333333333333,0.375,0.0,0.0,0.0,0.0,0.5083333333333333,1771.785,1638.57,1482.57,4726,3183,67.4
452,서울특별시 서초구 염곡동,서초구,염곡동,0.0,0.0,0.0,0.0,0.0,0.0,0.13333333333333333,0.0,0.0,0.0,0.0,0.0,0.13333333333333333,0.0,0.0,0.0,4726,3183,67.4
453,서울특별시 서초구 신원동,서초구,신원동,0.0,0.0,0.0,0.0,0.0,0.425531914893617,0.26666666666666666,0.25,0.43478260869565216,0.0,0.0,0.0,1.3769811902559357,0.0,0.0,0.0,4726,3183,67.4
454,서울특별시 강남구,,,0.0,0.0,0.0,0.0,0.0,0.0,0.0,0.0,0.0,0.0,0.0,0.0,0.0,0.0,0.0,0.0,0,0,0.0
455,서울특별시 강남구 역삼동,강남구,역삼동,6.666666666666666,3.75,10.0,2.5,6.666666666666666,10.0,6.4,10.0,10.0,0.0,10.0,5.0,80.98333333333332,1889.023333333333,1715.8816666666667,1589.8083333333334,7513,5196,69.2
456,서울특별시 강남구 개포동,강남구,개포동,0.0,1.25,0.0,0.0,2.0,3.1914893617021276,0.8,1.375,0.0,0.0,0.0,0.0,8.616489361702127,2045.0,1801.0700000000004,1625.0700000000004,7513,5196,69.2
457,서울특별시 강남구 청담동,강남구,청담동,3.333333333333333,0.0,6.666666666666666,0.0,2.0,1.276595744680851,2.1333333333333333,2.5,2.608695652173913,0.0,0.0,0.0,20.518624730188098,2124.19,1882.713333333333,1770.0,7513,5196,69.2
458,서울특별시 강남구 삼성동,강남구,삼성동,10.0,0.0,3.333333333333333,5.0,2.0,3.1914893617021276,3.2,4.125,4.3478260869565215,0.0,10.0,0.0,45.19764878199198,2111.972,1907.972,1775.086,7513,5196,69.2
459,서울특별시 강남구 대치동,강남구,대치동,3.333333333333333,0.0,6.666666666666666,2.5,5.333333333333333,5.957446808510638,3.333333333333333,4.375,4.3478260869565215,0.0,0.0,0.0,35.84693956213383,2043.9533333333334,1864.62,1705.9533333333331,7513,5196,69.2
460,서울특별시 강남구 신사동,강남구,신사동,6.666666666666666,0.0,3.333333333333333,0.0,6.666666666666666,4.680851063829787,3.5999999999999996,4.5,3.4782608695652173,0.0,0.0,10.0,42.92577860006167,1946.2616666666665,1691.91125,1542.125,7513,5196,69.2
461,서울특별시 강남구 논현동,강남구,논현동,10.0,1.25,10.0,2.5,3.333333333333333,5.319148936170213,4.533333333333333,6.125,3.9130434782608696,5.0,0.0,0.0,51.97385908109775,2074.8575,1874.5,1725.215,7513,5196,69.2
462,서울특별시 강남구 압구정동,강남구,압구정동,0.0,0.0,0.0,0.0,1.3333333333333333,0.0,0.26666666666666666,0.875,0.0,0.0,0.0,0.0,2.4749999999999996,0.0,0.0,0.0,7513,5196,69.2
463,서울특별시 강남구 세곡동,강남구,세곡동,0.0,1.25,0.0,0.0,0.0,0.2127659574468085,0.26666666666666666,0.375,0.0,0.0,0.0,0.0,2.104432624113475,0.0,1557.5,1414.0,7513,5196,69.2
464,서울특별시 강남구 자곡동,강남구,자곡동,0.0,0.0,0.0,0.0,0.6666666666666666,0.0,0.5333333333333333,0.75,0.0,0.0,0.0,0.0,1.9499999999999997,0.0,1592.215,1445.9299999999996,7513,5196,69.2
465,서울특별시 강남구 율현동,강남구,율현동,0.0,0.0,0.0,0.0,0.0,0.0,0.13333333333333333,0.125,0.0,0.0,0.0,0.0,0.2583333333333333,0.0,0.0,0.0,7513,5196,69.2
466,서울특별시 강남구 일원동,강남구,일원동,0.0,1.25,0.0,2.5,1.3333333333333333,0.851063829787234,1.3333333333333333,0.75,0.0,0.0,0.0,0.0,8.0177304964539,2099.0,1763.285,1594.0,7513,5196,69.2
467,서울특별시 강남구 수서동,강남구,수서동,0.0,1.25,3.333333333333333,0.0,0.6666666666666666,1.4893617021276595,0.6666666666666666,0.5,0.8695652173913043,0.0,0.0,0.0,8.77559358618563,1963.71,1633.71,1463.71,7513,5196,69.2
468,서울특별시 강남구 도곡동,강남구,도곡동,0.0,0.0,3.333333333333333,0.0,2.0,2.3404255319148937,1.7333333333333334,1.625,1.3043478260869565,0.0,0.0,0.0,12.336440024668518,1884.4,1698.2839999999999,1548.714,7513,5196,69.2
469,서울특별시 송파구,,,0.0,0.0,0.0,0.0,0.0,0.0,0.0,0.0,0.0,0.0,0.0,0.0,0.0,0.0,0.0,0.0,0,0,0.0
470,서울특별시 송파구 잠실동,송파구,잠실동,3.333333333333333,10.0,3.333333333333333,5.0,0.6666666666666666,4.468085106382978,2.2666666666666666,4.125,1.3043478260869565,0.0,0.0,0.0,34.497432932469934,1744.5,1538.145,1400.145,5807,4051,69.8
471,서울특별시 송파구 신천동,송파구,신천동,3.333333333333333,3.75,0.0,0.0,0.0,2.553191489361702,1.3333333333333333,0.5,1.7391304347826086,5.0,0.0,0.0,18.20898859081098,0.0,0.0,0.0,5807,4051,69.8
472,서울특별시 송파구 풍납동,송파구,풍납동,0.0,0.0,0.0,0.0,1.3333333333333333,0.851063829787234,0.4,1.25,0.0,0.0,0.0,0.0,3.8343971631205673,0.0,1799.0,1629.0,5807,4051,69.8
473,서울특별시 송파구 송파동,송파구,송파동,3.333333333333333,1.25,3.333333333333333,0.0,1.3333333333333333,1.702127659574468,1.0666666666666667,1.5,1.3043478260869565,0.0,0.0,0.0,14.82314215232809,1707.0,1573.0749999999996,1432.715,5807,4051,69.8
474,서울특별시 송파구 석촌동,송파구,석촌동,0.0,0.0,0.0,2.5,0.6666666666666666,2.3404255319148937,1.0666666666666667,1.625,0.43478260869565216,0.0,0.0,0.0,8.633541473943879,1747.0,1561.686,1422.83,5807,4051,69.8
475,서울특별시 송파구 삼전동,송파구,삼전동,0.0,1.25,0.0,0.0,0.6666666666666666,1.4893617021276595,0.9333333333333333,1.375,0.43478260869565216,0.0,0.0,0.0,6.149144310823312,1747.0,1541.666666666667,1403.666666666667,5807,4051,69.8
476,서울특별시 송파구 가락동,송파구,가락동,3.333333333333333,0.0,0.0,2.5,2.0,2.978723404255319,2.0,2.25,1.7391304347826086,0.0,0.0,0.0,16.80118717237126,1852.715,1615.5700000000004,1486.035,5807,4051,69.8
477,서울특별시 송파구 문정동,송파구,문정동,0.0,5.0,6.666666666666666,0.0,1.3333333333333333,4.468085106382978,3.2,3.25,2.608695652173913,0.0,10.0,5.0,41.52678075855689,1778.0,1578.0,1438.0,5807,4051,69.8
478,서울특별시 송파구 장지동,송파구,장지동,3.333333333333333,1.25,3.333333333333333,0.0,0.0,1.702127659574468,0.4,1.0,0.43478260869565216,0.0,0.0,0.0,11.453576934936788,1769.333333333333,1576.875,1431.625,5807,4051,69.8
479,서울특별시 송파구 방이동,송파구,방이동,0.0,1.25,6.666666666666666,0.0,3.333333333333333,2.765957446808511,2.2666666666666666,3.25,2.1739130434782608,0.0,0.0,0.0,21.70653715695344,1760.0,1615.1899999999996,1465.666666666667,5807,4051,69.8
480,서울특별시 송파구 오금동,송파구,오금동,0.0,1.25,0.0,0.0,0.6666666666666666,1.9148936170212765,1.2,0.875,0.43478260869565216,0.0,0.0,0.0,6.3413428923835955,1889.0,1582.236666666667,1462.62,5807,4051,69.8
481,서울특별시 송파구 거여동,송파구,거여동,0.0,0.0,3.333333333333333,0.0,0.6666666666666666,0.851063829787234,0.8,0.875,0.0,0.0,0.0,0.0,6.526063829787233,0.0,1592.0,1441.285,5807,4051,69.8
482,서울특별시 송파구 마천동,송파구,마천동,0.0,1.25,0.0,0.0,2.0,0.6382978723404255,0.8,0.625,0.0,0.0,0.0,0.0,5.313297872340425,0.0,1542.645,1394.5700000000004,5807,4051,69.8
483,서울특별시 강동구,,,0.0,0.0,0.0,0.0,0.0,0.0,0.0,0.0,0.0,0.0,0.0,0.0,0.0,0.0,0.0,0.0,0,0,0.0
484,서울특별시 강동구 명일동,강동구,명일동,0.0,1.25,3.333333333333333,0.0,1.3333333333333333,1.276595744680851,1.3333333333333333,1.125,0.8695652173913043,0.0,0.0,0.0,10.521160962072155,1899.0,1649.0,1488.0,3919,2789,71.2
485,서울특별시 강동구 고덕동,강동구,고덕동,0.0,0.0,0.0,0.0,0.0,0.425531914893617,0.5333333333333333,0.375,0.0,0.0,0.0,0.0,1.3338652482269504,0.0,0.0,0.0,3919,2789,71.2
486,서울특별시 강동구 상일동,강동구,상일동,3.333333333333333,1.25,0.0,0.0,0.0,1.0638297872340425,0.4,0.5,0.43478260869565216,0.0,0.0,0.0,6.981945729263028,0.0,1581.71,1404.71,3919,2789,71.2
487,서울특별시 강동구 길동,강동구,길동,0.0,0.0,3.333333333333333,0.0,2.0,3.1914893617021276,1.7333333333333334,1.625,0.8695652173913043,0.0,0.0,0.0,12.7527212457601,2268.0,1993.0,1797.0,3919,2789,71.2
488,서울특별시 강동구 둔촌동,강동구,둔촌동,3.333333333333333,0.0,0.0,2.5,1.3333333333333333,0.851063829787234,0.6666666666666666,0.875,0.0,0.0,0.0,0.0,9.559397163120567,1887.07,1637.0700000000004,1487.0700000000004,3919,2789,71.2
489,서울특별시 강동구 암사동,강동구,암사동,0.0,1.25,0.0,0.0,2.6666666666666665,1.0638297872340425,1.7333333333333334,1.75,0.43478260869565216,0.0,0.0,0.0,8.898612395929694,1912.07,1643.38,1482.62,3919,2789,71.2
490,서울특별시 강동구 성내동,강동구,성내동,3.333333333333333,1.25,10.0,2.5,1.3333333333333333,2.553191489361702,2.6666666666666665,3.0,1.7391304347826086,5.0,10.0,0.0,43.375655257477646,1796.0,1603.75,1467.965,3919,2789,71.2
491,서울특별시 강동구 천호동,강동구,천호동,3.333333333333333,1.25,0.0,0.0,2.6666666666666665,4.680851063829787,2.9333333333333336,3.125,0.8695652173913043,0.0,0.0,5.0,23.858749614554426,0.0,1628.5,1483.0,3919,2789,71.2
492,서울특별시 강동구 강일동,강동구,강일동,0.0,1.25,0.0,0.0,0.0,0.6382978723404255,0.5333333333333333,0.625,0.0,0.0,0.0,0.0,3.0466312056737586,0.0,1628.0,1498.0,3919,2789,71.2
