dong,high_oil,oil,oil2
가락동,1852.7150000000001,1615.5700000000002,1486.035
가리봉동,,1579.0,1377.0
가산동,,1496.43,1346.43
가양동,1742.0,1543.6075,1395.1775
갈월동,2249.0,1999.0,1899.0
갈현동,,1593.43,1430.29
강일동,,1628.0,1498.0
개봉동,,1542.5,1391.7849999999999
개포동,2045.0,1801.0700000000002,1625.0700000000002
개화동,,1497.0,1337.0
거여동,,1592.0,1441.2849999999999
경운동,,1999.0,1899.0
고척동,,1530.855,1375.855
공덕동,,1898.0,1765.0
공릉동,1736.0,1550.0716666666667,1406.5716666666667
공항동,,1561.71,1407.21
광장동,1768.785,1556.5,1399.64
구로동,1755.71,1637.8244444444442,1464.8877777777775
구의동,,1591.0,1461.355
군자동,,1542.0,1373.0
궁동,,1498.0,1339.0
금호동4가,,1770.0,1620.0
길동,2268.0,1993.0,1797.0
길음동,1749.0,1548.5,1404.5
남가좌동,,1538.36,1378.36
남대문로5가,2430.86,2278.0,2087.0
남현동,,1586.145,1446.145
내곡동,1771.7849999999999,1638.57,1482.57
내발산동,1718.0,1488.4733333333334,1362.8100000000002
노량진동,,1583.29,1453.29
녹번동,1723.4250000000002,1582.86,1443.8133333333333
논현동,2074.8575,1874.5,1725.215
능동,1739.0,1515.7150000000001,1355.14
답십리동,,1536.5,1386.5
당산동,2029.0,1911.43,1780.0
당산동1가,1749.0,1550.43,1430.43
대림동,,1531.5,1379.0
대방동,1728.57,1552.57,1422.57
대신동,2199.0,1999.0,1836.0
대치동,2043.9533333333336,1864.62,1705.9533333333331
대흥동,2192.0,1699.0,1542.0
도곡동,1884.4,1698.284,1548.714
도림동,,1509.0,1339.0
도봉동,1688.0,1621.6075,1476.5
도선동,,1576.57,1419.43
도화동,,1989.0,1799.0
독산동,,1561.7383333333335,1417.9766666666667
동자동,2390.0,2090.0,1890.0
둔촌동,1887.0700000000002,1637.0700000000002,1487.0700000000002
등촌동,,1545.57,1403.3575
마곡동,1769.0,1536.2849999999999,1383.2849999999999
마장동,,1571.8066666666666,1420.8566666666666
마천동,,1542.645,1394.5700000000002
망우동,,1522.3333333333333,1374.3333333333333
망원동,,1598.0,1478.0
면목동,1752.0,1505.595,1327.5
명일동,1899.0,1649.0,1488.0
목동,1769.76,1536.3083333333334,1392.618333333333
무학동,,1868.0,1698.0
묵동,,1528.0,1378.0
문래동2가,1706.14,1550.43,1399.0
문래동3가,,1684.5,1524.5
문정동,1778.0,1578.0,1438.0
미아동,1831.9533333333331,1534.215,1406.5
반포동,1798.5,1622.5,1511.7849999999999
방배동,1917.6,1657.5537500000003,1532.2325
방이동,1760.0,1615.1899999999998,1465.6666666666667
방학동,1904.0,1585.595,1443.0233333333333
방화동,1645.0,1566.75,1386.75
번동,1793.0,1519.785,1372.785
보문동1가,,1547.0,1397.0
보문동5가,1939.0,1584.855,1439.0
봉래동1가,2654.0,2311.0,2165.57
봉천동,1867.7633333333333,1582.4914285714283,1453.1028571428574
부암동,1900.0,1664.57,1494.57
불광동,,1553.2150000000001,1396.645
사당동,,1581.5,1441.7849999999999
사직동,2385.0,2178.0,1996.0
삼선동1가,,2175.0,1995.0
삼성동,2111.972,1907.9720000000002,1775.086
삼전동,1747.0,1541.6666666666667,1403.6666666666667
상계동,,1646.6666666666667,1497.6666666666667
상도동,1756.14,1584.785,1465.5
상봉동,,1526.0,1364.3333333333333
상월곡동,,1579.0,1419.0
상일동,,1581.71,1404.71
서계동,2174.0,2048.0,1906.0
서빙고동,2218.0,1999.0,1860.0
서초동,1908.8139999999999,1704.1036363636363,1568.921818181818
석관동,,1538.0,1378.0
석촌동,1747.0,1561.6860000000001,1422.83
성내동,1796.0,1603.75,1467.965
성산동,2038.5,1650.25,1537.75
성수동1가,1976.5,1656.3333333333333,1493.6666666666667
성수동2가,1936.0466666666669,1689.38,1511.5733333333335
세곡동,,1557.5,1414.0
송정동,,1506.0,1325.43
송파동,1707.0,1573.0749999999998,1432.7150000000001
수색동,,1509.2849999999999,1343.5700000000002
수서동,1963.71,1633.71,1463.71
수유동,,1488.086,1351.0
시흥동,1674.71,1528.2633333333333,1381.2150000000001
신길동,1661.7849999999999,1529.57125,1382.0
신내동,,1536.0,1386.0
신당동,2227.3333333333335,1895.25,1728.3225
신대방동,1865.0,1595.0,1475.0
신도림동,1728.0,1539.0,1339.0
신림동,1739.71,1584.4485714285713,1444.2228571428573
신사동,1946.2616666666665,1691.9112499999999,1542.125
신설동,,1699.0,1529.0
신월동,1666.14,1514.968888888889,1353.5244444444445
신정동,1900.9419999999998,1617.4536363636362,1465.3772727272728
쌍문동,,1509.5,1367.0
안암동5가,,1512.0,1363.0
암사동,1912.0700000000002,1643.38,1482.62
양재동,1900.0966666666666,1634.0,1480.877142857143
양평동1가,,1626.14,1510.43
양평동3가,,1570.29,1434.29
양평동4가,,1607.5,1464.5
양평동5가,,1566.0,1430.0
여의도동,2064.0,1915.8,1747.0
역삼동,1889.0233333333333,1715.8816666666664,1589.8083333333334
연희동,1919.0,1556.83,1395.972
염창동,1695.0,1673.5,1523.0
영등포동,,1559.0,1389.0
영등포동7가,,1659.0,1520.0
오곡동,,1592.5,1403.7150000000001
오금동,1889.0,1582.2366666666667,1462.62
오류동,,1618.9299999999998,1483.855
옥수동,2265.0,1968.0,1815.0
온수동,,1513.0,1355.5
외발산동,1868.0,1491.5,1349.4299999999998
용강동,,1697.0,1529.0
용답동,1748.0,1571.1899999999998,1420.38
용두동,1798.0,1539.785,1363.8600000000001
우면동,,1566.0700000000002,1415.5700000000002
원지동,,1502.29,1337.29
원효로2가,2169.0,1934.0,1768.0
원효로3가,2160.0,1940.0,1795.0
월계동,,1552.0933333333332,1384.6666666666667
응암동,1670.57,1503.0,1352.355
이문동,,1506.645,1361.645
이촌동,2057.0,1857.0,1740.0
일원동,2099.0,1763.2849999999999,1594.0
자곡동,,1592.2150000000001,1445.9299999999998
자양동,1835.0,1573.9033333333334,1450.57
잠실동,1744.5,1538.145,1400.145
잠원동,1797.0,1647.0,1527.0
장안동,1839.0,1565.285,1411.8225
장위동,1969.0,1531.6775,1364.3925000000002
장지동,1769.3333333333333,1576.875,1431.625
장충동1가,2450.0,2250.0,2029.0
전농동,,1497.965,1347.965
정릉동,1854.0,1533.535,1380.5
제기동,,1496.43,1346.43
종암동,1669.645,1520.05,1369.3833333333332
중계동,,1574.0,1414.0
중곡동,1727.0,1519.4283333333333,1345.8566666666668
중학동,2388.0,2176.0,1997.0
중화동,1915.0,1575.0,1429.0
증산동,,1505.0,1340.0
진관동,1770.2150000000001,1593.3833333333332,1444.9966666666667
창동,,1521.43,1382.572
창전동,2109.0,1939.0,1765.0
창천동,1990.86,1561.86,1401.86
천호동,,1628.5,1483.0
청담동,2124.19,1882.7133333333331,1770.0
청량리동,,1589.0,1434.0
청암동,2089.0,1799.0,1691.86
초동,2339.0,2189.0,2026.0
평창동,2143.0,1781.6666666666667,1631.6666666666667
풍납동,,1799.0,1629.0
필동2가,2423.5,2198.5,2013.5
하계동,1996.71,1698.5,1580.0
하왕십리동,,1898.0,1747.0
하월곡동,1739.0,1589.0,1429.0
한강로3가,1858.0,1648.0,1528.0
한남동,2402.0,2093.25,1945.5
합정동,,1840.0,1670.0
항동,,1498.0,1334.0
혜화동,2398.0,2178.0,1998.0
홍은동,,1552.7849999999999,1396.36
홍제동,1893.43,1593.1799999999998,1436.465
홍지동,1900.0,1574.0,1434.0
화곡동,1685.9066666666668,1498.8575,1348.7662500000001
화양동,1985.0,1595.0,1469.0
후암동,2297.0,1955.14,1865.14
휘경동,1775.0,1578.5,1399.0375
흑석동,,1668.14,1528.14
