id,address,gu,dong,mac_score,lot_score,burgerking_score,seveneleven_score,cu_score,gs25_score,starbucks_score,lottecinema_score,megabox_score,cgv_score,total_score,high_oil,oil,oil2,total,catch,percent,mac_count,lot_count,burgerking_count,seveneleven_count,cu_count,gs25_count,starbucks_count,lottecinema_count,megabox_count,cgv_count,total_count
0,서울특별시,,,0.0,0.0,0.0,0.0,0.0,0.0,0.0,0.0,0.0,0.0,0.0,0.0,0.0,0.0,0,0,0.0,0,0,0,0,0,0,0,0,0,0,0
1,서울특별시 종로구,,,0.0,0.0,0.0,0.0,0.0,0.0,0.0,0.0,0.0,0.0,0.0,0.0,0.0,0.0,0,0,0.0,0,0,0,0,0,0,0,0,0,0,0
2,서울특별시 종로구 청운동,종로구,청운동,0.0,0.0,0.0,0.0,0.0,0.12,0.0,0.0,0.0,0.0,0.12,0.0,0.0,0.0,3690,3913,106.0,0,0,0,0,0,1,0,0,0,0,1
3,서울특별시 종로구 신교동,종로구,신교동,0.0,0.0,0.0,0.0,0.13,0.0,0.0,0.0,0.0,0.0,0.13,0.0,0.0,0.0,3690,3913,106.0,0,0,0,0,1,0,0,0,0,0,1
4,서울특별시 종로구 궁정동,종로구,궁정동,0.0,0.0,0.0,0.0,0.0,0.0,0.0,0.0,0.0,0.0,0.0,0.0,0.0,0.0,3690,3913,106.0,0,0,0,0,0,0,0,0,0,0,0
5,서울특별시 종로구 효자동,종로구,효자동,0.0,0.0,0.0,0.0,0.13,0.0,0.0,0.0,0.0,0.0,0.13,0.0,0.0,0.0,3690,3913,106.0,0,0,0,0,1,0,0,0,0,0,1
6,서울특별시 종로구 창성동,종로구,창성동,0.0,0.0,0.0,0.21,0.0,0.0,0.0,0.0,0.0,0.0,0.21,0.0,0.0,0.0,3690,3913,106.0,0,0,0,1,0,0,0,0,0,0,1
7,서울특별시 종로구 통의동,종로구,통의동,0.0,0.0,0.0,0.21,0.0,0.0,0.43,0.0,0.0,0.0,0.65,0.0,0.0,0.0,3690,3913,106.0,0,0,0,1,0,0,1,0,0,0,2
8,서울특별시 종로구 적선동,종로구,적선동,0.0,0.0,0.0,0.0,0.13,0.0,0.87,0.0,0.0,0.0,1.0,0.0,0.0,0.0,3690,3913,106.0,0,0,0,0,1,0,2,0,0,0,3
9,서울특별시 종로구 통인동,종로구,통인동,0.0,0.0,0.0,0.0,0.0,0.0,0.0,0.0,0.0,0.0,0.0,0.0,0.0,0.0,3690,3913,106.0,0,0,0,0,0,0,0,0,0,0,0
10,서울특별시 종로구 누상동,종로구,누상동,0.0,0.0,0.0,0.21,0.0,0.25,0.0,0.0,0.0,0.0,0.46,0.0,0.0,0.0,3690,3913,106.0,0,0,0,1,0,2,0,0,0,0,3
11,서울특별시 종로구 누하동,종로구,누하동,0.0,0.0,0.0,0.0,0.0,0.25,0.0,0.0,0.0,0.0,0.25,0.0,0.0,0.0,3690,3913,106.0,0,0,0,0,0,2,0,0,0,0,2
12,서울특별시 종로구 옥인동,종로구,옥인동,0.0,0.0,0.0,0.0,0.13,0.0,0.0,0.0,0.0,0.0,0.13,0.0,0.0,0.0,3690,3913,106.0,0,0,0,0,1,0,0,0,0,0,1
13,서울특별시 종로구 체부동,종로구,체부동,0.0,0.0,0.0,0.0,0.0,0.12,0.0,0.0,0.0,0.0,0.12,0.0,0.0,0.0,3690,3913,106.0,0,0,0,0,0,1,0,0,0,0,1
14,서울특별시 종로구 필운동,종로구,필운동,0.0,0.0,0.0,0.21,0.27,0.0,0.0,0.0,0.0,0.0,0.48,0.0,0.0,0.0,3690,3913,106.0,0,0,0,1,2,0,0,0,0,0,3
15,서울특별시 종로구 내자동,종로구,내자동,0.0,0.0,0.0,0.21,0.13,0.0,0.0,0.0,0.0,0.0,0.35,0.0,0.0,0.0,3690,3913,106.0,0,0,0,1,1,0,0,0,0,0,2
16,서울특별시 종로구 사직동,종로구,사직동,0.0,0.0,0.0,0.21,0.0,0.12,0.43,0.0,0.0,0.0,0.77,2385.0,2178.0,1996.0,3690,3913,106.0,0,0,0,1,0,1,1,0,0,0,3
17,서울특별시 종로구 도렴동,종로구,도렴동,0.0,0.0,0.0,0.0,0.0,0.12,0.0,0.0,0.0,0.0,0.12,0.0,0.0,0.0,3690,3913,106.0,0,0,0,0,0,1,0,0,0,0,1
18,서울특별시 종로구 당주동,종로구,당주동,0.0,0.0,0.0,0.43,0.0,0.0,0.43,0.0,0.0,0.0,0.86,0.0,0.0,0.0,3690,3913,106.0,0,0,0,2,0,0,1,0,0,0,3
19,서울특별시 종로구 내수동,종로구,내수동,0.0,0.0,0.0,0.21,0.0,0.25,0.0,0.0,0.0,0.0,0.46,0.0,0.0,0.0,3690,3913,106.0,0,0,0,1,0,2,0,0,0,0,3
20,서울특별시 종로구 세종로,종로구,세종로,0.0,0.0,0.0,0.21,0.0,0.0,0.43,0.0,0.0,0.0,0.65,0.0,0.0,0.0,3690,3913,106.0,0,0,0,1,0,0,1,0,0,0,2
21,서울특별시 종로구 신문로1가,종로구,신문로1가,0.0,0.0,0.0,0.0,0.27,0.12,0.43,0.0,0.0,0.0,0.83,0.0,0.0,0.0,3690,3913,106.0,0,0,0,0,2,1,1,0,0,0,4
22,서울특별시 종로구 신문로2가,종로구,신문로2가,0.0,0.0,0.0,0.0,0.13,0.12,0.0,0.0,0.0,0.0,0.26,0.0,0.0,0.0,3690,3913,106.0,0,0,0,0,1,1,0,0,0,0,2
23,서울특별시 종로구 청진동,종로구,청진동,0.0,0.0,0.0,0.43,0.27,0.62,0.87,0.0,0.0,0.0,2.19,0.0,0.0,0.0,3690,3913,106.0,0,0,0,2,2,5,2,0,0,0,11
24,서울특별시 종로구 서린동,종로구,서린동,0.0,0.0,0.0,0.0,0.13,0.12,0.87,0.0,0.0,0.0,1.13,0.0,0.0,0.0,3690,3913,106.0,0,0,0,0,1,1,2,0,0,0,4
25,서울특별시 종로구 수송동,종로구,수송동,0.0,0.0,3.33,0.64,0.27,0.38,1.3,0.0,0.0,0.0,5.92,0.0,0.0,0.0,3690,3913,106.0,0,0,1,3,2,3,3,0,0,0,12
26,서울특별시 종로구 중학동,종로구,중학동,0.0,0.0,0.0,0.0,0.13,0.12,0.43,0.0,0.0,0.0,0.69,2388.0,2176.0,1997.0,3690,3913,106.0,0,0,0,0,1,1,1,0,0,0,3
27,서울특별시 종로구 종로1가,종로구,종로1가,0.0,0.0,0.0,0.21,0.0,0.0,0.0,0.0,0.0,0.0,0.21,0.0,0.0,0.0,3690,3913,106.0,0,0,0,1,0,0,0,0,0,0,1
28,서울특별시 종로구 공평동,종로구,공평동,0.0,0.0,0.0,0.21,0.13,0.12,0.0,0.0,0.0,0.0,0.47,0.0,0.0,0.0,3690,3913,106.0,0,0,0,1,1,1,0,0,0,0,3
29,서울특별시 종로구 관훈동,종로구,관훈동,0.0,0.0,0.0,0.0,0.13,0.5,0.0,0.0,0.0,0.0,0.63,0.0,0.0,0.0,3690,3913,106.0,0,0,0,0,1,4,0,0,0,0,5
30,서울특별시 종로구 견지동,종로구,견지동,0.0,0.0,0.0,0.21,0.0,0.0,0.0,0.0,0.0,0.0,0.21,0.0,0.0,0.0,3690,3913,106.0,0,0,0,1,0,0,0,0,0,0,1
31,서울특별시 종로구 와룡동,종로구,와룡동,0.0,0.0,0.0,0.21,0.13,0.12,0.0,0.0,0.0,0.0,0.47,0.0,0.0,0.0,3690,3913,106.0,0,0,0,1,1,1,0,0,0,0,3
32,서울특별시 종로구 권농동,종로구,권농동,0.0,0.0,0.0,0.0,0.0,0.0,0.0,0.0,0.0,0.0,0.0,0.0,0.0,0.0,3690,3913,106.0,0,0,0,0,0,0,0,0,0,0,0
33,서울특별시 종로구 운니동,종로구,운니동,0.0,0.0,0.0,0.0,0.13,0.12,0.0,0.0,0.0,0.0,0.26,0.0,0.0,0.0,3690,3913,106.0,0,0,0,0,1,1,0,0,0,0,2
34,서울특별시 종로구 익선동,종로구,익선동,0.0,0.0,0.0,0.21,0.13,0.12,0.0,0.0,0.0,0.0,0.47,0.0,0.0,0.0,3690,3913,106.0,0,0,0,1,1,1,0,0,0,0,3
35,서울특별시 종로구 경운동,종로구,경운동,0.0,0.0,0.0,0.21,0.0,0.0,0.0,0.0,0.0,0.0,0.21,0.0,1999.0,1899.0,3690,3913,106.0,0,0,0,1,0,0,0,0,0,0,1
36,서울특별시 종로구 관철동,종로구,관철동,0.0,0.0,0.0,0.85,0.27,0.25,0.87,0.0,0.0,0.0,2.24,0.0,0.0,0.0,3690,3913,106.0,0,0,0,4,2,2,2,0,0,0,10
37,서울특별시 종로구 인사동,종로구,인사동,0.0,0.0,0.0,0.21,0.13,0.0,0.43,0.0,0.0,0.0,0.78,0.0,0.0,0.0,3690,3913,106.0,0,0,0,1,1,0,1,0,0,0,3
38,서울특별시 종로구 낙원동,종로구,낙원동,0.0,0.0,0.0,0.43,0.4,0.12,0.0,0.0,0.0,0.0,0.95,0.0,0.0,0.0,3690,3913,106.0,0,0,0,2,3,1,0,0,0,0,6
39,서울특별시 종로구 종로2가,종로구,종로2가,0.0,1.25,3.33,0.21,0.13,0.12,0.87,0.0,0.0,0.0,5.92,0.0,0.0,0.0,3690,3913,106.0,0,1,1,1,1,1,2,0,0,0,7
40,서울특별시 종로구 팔판동,종로구,팔판동,0.0,0.0,0.0,0.0,0.0,0.0,0.0,0.0,0.0,0.0,0.0,0.0,0.0,0.0,3690,3913,106.0,0,0,0,0,0,0,0,0,0,0,0
41,서울특별시 종로구 삼청동,종로구,삼청동,0.0,0.0,0.0,0.0,0.13,0.12,0.43,0.0,0.0,0.0,0.69,0.0,0.0,0.0,3690,3913,106.0,0,0,0,0,1,1,1,0,0,0,3
42,서울특별시 종로구 안국동,종로구,안국동,3.33,0.0,0.0,0.21,0.0,0.0,0.0,0.0,0.0,0.0,3.55,0.0,0.0,0.0,3690,3913,106.0,1,0,0,1,0,0,0,0,0,0,2
43,서울특별시 종로구 소격동,종로구,소격동,0.0,0.0,0.0,0.0,0.0,0.12,0.0,0.0,0.0,0.0,0.12,0.0,0.0,0.0,3690,3913,106.0,0,0,0,0,0,1,0,0,0,0,1
44,서울특별시 종로구 화동,종로구,화동,0.0,0.0,0.0,0.0,0.0,0.0,0.0,0.0,0.0,0.0,0.0,0.0,0.0,0.0,3690,3913,106.0,0,0,0,0,0,0,0,0,0,0,0
45,서울특별시 종로구 사간동,종로구,사간동,0.0,0.0,0.0,0.21,0.0,0.0,0.0,0.0,0.0,0.0,0.21,0.0,0.0,0.0,3690,3913,106.0,0,0,0,1,0,0,0,0,0,0,1
46,서울특별시 종로구 송현동,종로구,송현동,0.0,0.0,0.0,0.0,0.0,0.0,0.0,0.0,0.0,0.0,0.0,0.0,0.0,0.0,3690,3913,106.0,0,0,0,0,0,0,0,0,0,0,0
47,서울특별시 종로구 가회동,종로구,가회동,0.0,0.0,0.0,0.0,0.13,0.12,0.0,0.0,0.0,0.0,0.26,0.0,0.0,0.0,3690,3913,106.0,0,0,0,0,1,1,0,0,0,0,2
48,서울특별시 종로구 재동,종로구,재동,0.0,0.0,0.0,0.0,0.0,0.12,0.43,0.0,0.0,0.0,0.56,0.0,0.0,0.0,3690,3913,106.0,0,0,0,0,0,1,1,0,0,0,2
49,서울특별시 종로구 계동,종로구,계동,0.0,0.0,0.0,0.0,0.13,0.12,0.43,0.0,0.0,0.0,0.69,0.0,0.0,0.0,3690,3913,106.0,0,0,0,0,1,1,1,0,0,0,3
50,서울특별시 종로구 원서동,종로구,원서동,0.0,0.0,0.0,0.0,0.27,0.0,0.0,0.0,0.0,0.0,0.27,0.0,0.0,0.0,3690,3913,106.0,0,0,0,0,2,0,0,0,0,0,2
51,서울특별시 종로구 훈정동,종로구,훈정동,0.0,0.0,0.0,0.0,0.0,0.0,0.0,0.0,0.0,0.0,0.0,0.0,0.0,0.0,3690,3913,106.0,0,0,0,0,0,0,0,0,0,0,0
52,서울특별시 종로구 묘동,종로구,묘동,0.0,0.0,0.0,0.21,0.27,0.0,0.0,0.0,0.0,0.0,0.48,0.0,0.0,0.0,3690,3913,106.0,0,0,0,1,2,0,0,0,0,0,3
53,서울특별시 종로구 봉익동,종로구,봉익동,0.0,0.0,0.0,0.0,0.0,0.0,0.0,0.0,0.0,0.0,0.0,0.0,0.0,0.0,3690,3913,106.0,0,0,0,0,0,0,0,0,0,0,0
54,서울특별시 종로구 돈의동,종로구,돈의동,0.0,0.0,0.0,0.43,0.0,0.0,0.0,0.0,0.0,5.0,5.43,0.0,0.0,0.0,3690,3913,106.0,0,0,0,2,0,0,0,0,0,1,3
55,서울특별시 종로구 장사동,종로구,장사동,0.0,0.0,0.0,0.0,0.0,0.12,0.0,0.0,0.0,0.0,0.12,0.0,0.0,0.0,3690,3913,106.0,0,0,0,0,0,1,0,0,0,0,1
56,서울특별시 종로구 관수동,종로구,관수동,0.0,0.0,0.0,0.43,0.13,0.25,0.87,0.0,0.0,0.0,1.68,0.0,0.0,0.0,3690,3913,106.0,0,0,0,2,1,2,2,0,0,0,7
57,서울특별시 종로구 종로3가,종로구,종로3가,3.33,0.0,0.0,0.0,0.27,0.0,0.43,0.0,0.0,0.0,4.03,0.0,0.0,0.0,3690,3913,106.0,1,0,0,0,2,0,1,0,0,0,4
58,서울특별시 종로구 인의동,종로구,인의동,0.0,0.0,0.0,0.43,0.0,0.12,0.43,0.0,0.0,0.0,0.99,0.0,0.0,0.0,3690,3913,106.0,0,0,0,2,0,1,1,0,0,0,4
59,서울특별시 종로구 예지동,종로구,예지동,0.0,0.0,0.0,0.21,0.0,0.0,0.0,0.0,0.0,0.0,0.21,0.0,0.0,0.0,3690,3913,106.0,0,0,0,1,0,0,0,0,0,0,1
60,서울특별시 종로구 원남동,종로구,원남동,0.0,0.0,0.0,0.0,0.13,0.0,0.0,0.0,0.0,0.0,0.13,0.0,0.0,0.0,3690,3913,106.0,0,0,0,0,1,0,0,0,0,0,1
61,서울특별시 종로구 연지동,종로구,연지동,0.0,0.0,0.0,0.43,0.13,0.0,0.0,0.0,0.0,0.0,0.56,0.0,0.0,0.0,3690,3913,106.0,0,0,0,2,1,0,0,0,0,0,3
62,서울특별시 종로구 종로4가,종로구,종로4가,0.0,0.0,0.0,0.21,0.13,0.0,0.0,0.0,0.0,0.0,0.35,0.0,0.0,0.0,3690,3913,106.0,0,0,0,1,1,0,0,0,0,0,2
63,서울특별시 종로구 효제동,종로구,효제동,0.0,0.0,0.0,0.0,0.4,0.25,0.0,0.0,0.0,0.0,0.65,0.0,0.0,0.0,3690,3913,106.0,0,0,0,0,3,2,0,0,0,0,5
64,서울특별시 종로구 종로5가,종로구,종로5가,0.0,0.0,0.0,0.21,0.13,0.25,0.0,0.0,0.0,0.0,0.6,0.0,0.0,0.0,3690,3913,106.0,0,0,0,1,1,2,0,0,0,0,4
65,서울특별시 종로구 종로6가,종로구,종로6가,0.0,0.0,0.0,0.21,0.27,0.12,0.0,0.0,0.0,0.0,0.6,0.0,0.0,0.0,3690,3913,106.0,0,0,0,1,2,1,0,0,0,0,4
66,서울특별시 종로구 이화동,종로구,이화동,0.0,0.0,0.0,0.21,0.13,0.0,0.0,0.0,0.0,0.0,0.35,0.0,0.0,0.0,3690,3913,106.0,0,0,0,1,1,0,0,0,0,0,2
67,서울특별시 종로구 연건동,종로구,연건동,0.0,0.0,0.0,0.21,0.4,0.25,0.43,0.0,0.0,0.0,1.3,0.0,0.0,0.0,3690,3913,106.0,0,0,0,1,3,2,1,0,0,0,7
68,서울특별시 종로구 충신동,종로구,충신동,0.0,0.0,0.0,0.21,0.13,0.0,0.0,0.0,0.0,0.0,0.35,0.0,0.0,0.0,3690,3913,106.0,0,0,0,1,1,0,0,0,0,0,2
69,서울특별시 종로구 동숭동,종로구,동숭동,3.33,0.0,0.0,0.43,0.4,0.62,1.3,0.0,0.0,0.0,6.09,0.0,0.0,0.0,3690,3913,106.0,1,0,0,2,3,5,3,0,0,0,14
70,서울특별시 종로구 혜화동,종로구,혜화동,0.0,1.25,3.33,0.21,0.0,0.25,0.0,0.0,0.0,0.0,5.05,2398.0,2178.0,1998.0,3690,3913,106.0,0,1,1,1,0,2,0,0,0,0,5
71,서울특별시 종로구 명륜1가,종로구,명륜1가,0.0,0.0,0.0,0.43,0.27,0.25,0.0,0.0,0.0,0.0,0.94,0.0,0.0,0.0,3690,3913,106.0,0,0,0,2,2,2,0,0,0,0,6
72,서울특별시 종로구 명륜2가,종로구,명륜2가,3.33,0.0,0.0,0.43,0.27,0.12,0.0,0.0,0.0,5.0,9.15,0.0,0.0,0.0,3690,3913,106.0,1,0,0,2,2,1,0,0,0,1,7
73,서울특별시 종로구 명륜4가,종로구,명륜4가,0.0,0.0,0.0,0.21,0.4,0.12,0.43,0.0,0.0,0.0,1.17,0.0,0.0,0.0,3690,3913,106.0,0,0,0,1,3,1,1,0,0,0,6
74,서울특별시 종로구 명륜3가,종로구,명륜3가,0.0,0.0,0.0,0.43,0.53,0.12,0.43,0.0,0.0,0.0,1.52,0.0,0.0,0.0,3690,3913,106.0,0,0,0,2,4,1,1,0,0,0,8
75,서울특별시 종로구 창신동,종로구,창신동,3.33,2.5,0.0,0.85,0.8,0.38,0.0,0.0,0.0,0.0,7.86,0.0,0.0,0.0,3690,3913,106.0,1,2,0,4,6,3,0,0,0,0,16
76,서울특별시 종로구 숭인동,종로구,숭인동,0.0,0.0,0.0,1.49,0.67,1.5,0.43,0.0,0.0,0.0,4.09,0.0,0.0,0.0,3690,3913,106.0,0,0,0,7,5,12,1,0,0,0,25
77,서울특별시 종로구 교남동,종로구,교남동,0.0,0.0,0.0,0.0,0.13,0.0,0.43,0.0,0.0,0.0,0.57,0.0,0.0,0.0,3690,3913,106.0,0,0,0,0,1,0,1,0,0,0,2
78,서울특별시 종로구 평동,종로구,평동,0.0,0.0,0.0,0.43,0.4,0.0,0.0,0.0,0.0,0.0,0.83,0.0,0.0,0.0,3690,3913,106.0,0,0,0,2,3,0,0,0,0,0,5
79,서울특별시 종로구 송월동,종로구,송월동,0.0,0.0,0.0,0.0,0.13,0.0,0.0,0.0,0.0,0.0,0.13,0.0,0.0,0.0,3690,3913,106.0,0,0,0,0,1,0,0,0,0,0,1
80,서울특별시 종로구 홍파동,종로구,홍파동,0.0,0.0,0.0,0.0,0.0,0.0,0.0,0.0,0.0,0.0,0.0,0.0,0.0,0.0,3690,3913,106.0,0,0,0,0,0,0,0,0,0,0,0
81,서울특별시 종로구 교북동,종로구,교북동,0.0,0.0,0.0,0.21,0.0,0.12,0.0,0.0,0.0,0.0,0.34,0.0,0.0,0.0,3690,3913,106.0,0,0,0,1,0,1,0,0,0,0,2
82,서울특별시 종로구 행촌동,종로구,행촌동,0.0,0.0,0.0,0.21,0.27,0.0,0.0,0.0,0.0,0.0,0.48,0.0,0.0,0.0,3690,3913,106.0,0,0,0,1,2,0,0,0,0,0,3
83,서울특별시 종로구 구기동,종로구,구기동,0.0,0.0,0.0,0.0,0.27,0.0,0.0,0.0,0.0,0.0,0.27,0.0,0.0,0.0,3690,3913,106.0,0,0,0,0,2,0,0,0,0,0,2
84,서울특별시 종로구 평창동,종로구,평창동,0.0,0.0,0.0,0.21,0.53,0.25,0.43,0.0,0.0,0.0,1.43,2143.0,1781.67,1631.67,3690,3913,106.0,0,0,0,1,4,2,1,0,0,0,8
85,서울특별시 종로구 부암동,종로구,부암동,0.0,0.0,0.0,0.43,0.27,0.12,0.0,0.0,0.0,0.0,0.82,1900.0,1664.57,1494.57,3690,3913,106.0,0,0,0,2,2,1,0,0,0,0,5
86,서울특별시 종로구 홍지동,종로구,홍지동,0.0,0.0,0.0,0.21,0.13,0.25,0.0,0.0,0.0,0.0,0.6,1900.0,1574.0,1434.0,3690,3913,106.0,0,0,0,1,1,2,0,0,0,0,4
87,서울특별시 종로구 신영동,종로구,신영동,0.0,0.0,0.0,0.21,0.13,0.12,0.0,0.0,0.0,0.0,0.47,0.0,0.0,0.0,3690,3913,106.0,0,0,0,1,1,1,0,0,0,0,3
88,서울특별시 종로구 무악동,종로구,무악동,0.0,0.0,0.0,0.21,0.0,0.12,0.0,0.0,0.0,0.0,0.34,0.0,0.0,0.0,3690,3913,106.0,0,0,0,1,0,1,0,0,0,0,2
89,서울특별시 중구,,,0.0,0.0,0.0,0.0,0.0,0.0,0.0,0.0,0.0,0.0,0.0,0.0,0.0,0.0,0,0,0.0,0,0,0,0,0,0,0,0,0,0,0
90,서울특별시 중구 무교동,중구,무교동,0.0,0.0,3.33,0.85,0.0,0.0,0.43,0.0,0.0,0.0,4.62,0.0,0.0,0.0,4030,2679,66.5,0,0,1,4,0,0,1,0,0,0,6
91,서울특별시 중구 다동,중구,다동,0.0,0.0,0.0,0.43,0.13,0.38,0.43,0.0,0.0,0.0,1.37,0.0,0.0,0.0,4030,2679,66.5,0,0,0,2,1,3,1,0,0,0,7
92,서울특별시 중구 태평로1가,중구,태평로1가,0.0,0.0,0.0,0.0,0.27,0.25,0.43,0.0,0.0,0.0,0.95,0.0,0.0,0.0,4030,2679,66.5,0,0,0,0,2,2,1,0,0,0,5
93,서울특별시 중구 을지로1가,중구,을지로1가,3.33,0.0,0.0,0.0,0.13,0.0,0.87,0.0,0.0,0.0,4.34,0.0,0.0,0.0,4030,2679,66.5,1,0,0,0,1,0,2,0,0,0,4
94,서울특별시 중구 을지로2가,중구,을지로2가,0.0,0.0,0.0,0.85,0.27,0.25,2.17,0.0,0.0,0.0,3.54,0.0,0.0,0.0,4030,2679,66.5,0,0,0,4,2,2,5,0,0,0,13
95,서울특별시 중구 남대문로1가,중구,남대문로1가,0.0,0.0,0.0,0.21,0.0,0.0,0.43,0.0,0.0,0.0,0.65,0.0,0.0,0.0,4030,2679,66.5,0,0,0,1,0,0,1,0,0,0,2
96,서울특별시 중구 삼각동,중구,삼각동,0.0,0.0,0.0,0.0,0.0,0.0,0.43,0.0,0.0,0.0,0.43,0.0,0.0,0.0,4030,2679,66.5,0,0,0,0,0,0,1,0,0,0,1
97,서울특별시 중구 수하동,중구,수하동,0.0,0.0,0.0,0.43,0.13,0.12,0.0,0.0,0.0,0.0,0.68,0.0,0.0,0.0,4030,2679,66.5,0,0,0,2,1,1,0,0,0,0,4
98,서울특별시 중구 장교동,중구,장교동,0.0,0.0,0.0,0.43,0.0,0.12,0.0,0.0,0.0,0.0,0.55,0.0,0.0,0.0,4030,2679,66.5,0,0,0,2,0,1,0,0,0,0,3
99,서울특별시 중구 수표동,중구,수표동,0.0,0.0,0.0,0.43,0.0,0.12,0.0,0.0,0.0,0.0,0.55,0.0,0.0,0.0,4030,2679,66.5,0,0,0,2,0,1,0,0,0,0,3
100,서울특별시 중구 소공동,중구,소공동,0.0,1.25,0.0,0.21,0.0,0.12,1.3,5.0,0.0,0.0,7.89,0.0,0.0,0.0,4030,2679,66.5,0,1,0,1,0,1,3,1,0,0,7
101,서울특별시 중구 남창동,중구,남창동,0.0,0.0,0.0,0.43,0.13,0.25,0.0,0.0,0.0,0.0,0.81,0.0,0.0,0.0,4030,2679,66.5,0,0,0,2,1,2,0,0,0,0,5
102,서울특별시 중구 북창동,중구,북창동,0.0,0.0,0.0,0.43,0.0,0.12,0.0,0.0,0.0,0.0,0.55,0.0,0.0,0.0,4030,2679,66.5,0,0,0,2,0,1,0,0,0,0,3
103,서울특별시 중구 태평로2가,중구,태평로2가,0.0,0.0,3.33,0.21,0.4,0.38,0.43,0.0,0.0,0.0,4.76,0.0,0.0,0.0,4030,2679,66.5,0,0,1,1,3,3,1,0,0,0,9
104,서울특별시 중구 남대문로2가,중구,남대문로2가,0.0,0.0,0.0,0.0,0.0,0.0,0.0,0.0,0.0,0.0,0.0,0.0,0.0,0.0,4030,2679,66.5,0,0,0,0,0,0,0,0,0,0,0
105,서울특별시 중구 남대문로3가,중구,남대문로3가,0.0,0.0,0.0,0.0,0.13,0.0,0.0,0.0,0.0,0.0,0.13,0.0,0.0,0.0,4030,2679,66.5,0,0,0,0,1,0,0,0,0,0,1
106,서울특별시 중구 남대문로4가,중구,남대문로4가,0.0,0.0,0.0,0.21,0.13,0.25,0.87,0.0,0.0,0.0,1.47,0.0,0.0,0.0,4030,2679,66.5,0,0,0,1,1,2,2,0,0,0,6
107,서울특별시 중구 남대문로5가,중구,남대문로5가,0.0,0.0,3.33,0.85,0.27,0.62,1.3,0.0,0.0,0.0,6.38,2430.86,2278.0,2087.0,4030,2679,66.5,0,0,1,4,2,5,3,0,0,0,15
108,서울특별시 중구 봉래동1가,중구,봉래동1가,0.0,0.0,0.0,0.0,0.13,0.0,0.0,0.0,0.0,0.0,0.13,2654.0,2311.0,2165.57,4030,2679,66.5,0,0,0,0,1,0,0,0,0,0,1
109,서울특별시 중구 봉래동2가,중구,봉래동2가,0.0,0.0,0.0,0.0,0.0,0.0,0.0,0.0,0.0,0.0,0.0,0.0,0.0,0.0,4030,2679,66.5,0,0,0,0,0,0,0,0,0,0,0
110,서울특별시 중구 회현동1가,중구,회현동1가,0.0,0.0,3.33,0.85,0.4,0.25,0.43,0.0,0.0,0.0,5.27,0.0,0.0,0.0,4030,2679,66.5,0,0,1,4,3,2,1,0,0,0,11
111,서울특별시 중구 회현동2가,중구,회현동2가,0.0,0.0,0.0,0.21,0.0,0.12,0.43,0.0,0.0,0.0,0.77,0.0,0.0,0.0,4030,2679,66.5,0,0,0,1,0,1,1,0,0,0,3
112,서울특별시 중구 회현동3가,중구,회현동3가,3.33,0.0,0.0,0.0,0.13,0.0,0.0,0.0,0.0,0.0,3.47,0.0,0.0,0.0,4030,2679,66.5,1,0,0,0,1,0,0,0,0,0,2
113,서울특별시 중구 충무로1가,중구,충무로1가,0.0,0.0,0.0,0.43,0.13,0.12,1.74,0.0,0.0,0.0,2.42,0.0,0.0,0.0,4030,2679,66.5,0,0,0,2,1,1,4,0,0,0,8
114,서울특별시 중구 충무로2가,중구,충무로2가,0.0,0.0,0.0,0.64,0.13,0.25,0.43,0.0,0.0,5.0,6.46,0.0,0.0,0.0,4030,2679,66.5,0,0,0,3,1,2,1,0,0,1,8
115,서울특별시 중구 명동1가,중구,명동1가,3.33,0.0,0.0,0.43,0.13,0.0,0.87,0.0,0.0,0.0,4.76,0.0,0.0,0.0,4030,2679,66.5,1,0,0,2,1,0,2,0,0,0,6
116,서울특별시 중구 명동2가,중구,명동2가,0.0,0.0,0.0,0.85,0.0,0.0,0.87,0.0,0.0,5.0,6.72,0.0,0.0,0.0,4030,2679,66.5,0,0,0,4,0,0,2,0,0,1,7
117,서울특별시 중구 남산동1가,중구,남산동1가,0.0,0.0,0.0,0.21,0.0,0.25,0.0,0.0,0.0,0.0,0.46,0.0,0.0,0.0,4030,2679,66.5,0,0,0,1,0,2,0,0,0,0,3
118,서울특별시 중구 남산동2가,중구,남산동2가,0.0,0.0,0.0,0.21,0.0,0.0,0.0,0.0,0.0,0.0,0.21,0.0,0.0,0.0,4030,2679,66.5,0,0,0,1,0,0,0,0,0,0,1
119,서울특별시 중구 남산동3가,중구,남산동3가,0.0,0.0,0.0,0.0,0.0,0.0,0.0,0.0,0.0,0.0,0.0,0.0,0.0,0.0,4030,2679,66.5,0,0,0,0,0,0,0,0,0,0,0
120,서울특별시 중구 저동1가,중구,저동1가,0.0,0.0,0.0,0.0,0.13,0.25,0.0,0.0,0.0,0.0,0.38,0.0,0.0,0.0,4030,2679,66.5,0,0,0,0,1,2,0,0,0,0,3
121,서울특별시 중구 충무로4가,중구,충무로4가,0.0,0.0,3.33,0.43,0.13,0.0,0.0,0.0,0.0,0.0,3.89,0.0,0.0,0.0,4030,2679,66.5,0,0,1,2,1,0,0,0,0,0,4
122,서울특별시 중구 충무로5가,중구,충무로5가,0.0,0.0,0.0,0.43,0.27,0.12,0.43,0.0,0.0,0.0,1.25,0.0,0.0,0.0,4030,2679,66.5,0,0,0,2,2,1,1,0,0,0,6
123,서울특별시 중구 인현동2가,중구,인현동2가,0.0,0.0,0.0,0.0,0.0,0.0,0.0,0.0,0.0,0.0,0.0,0.0,0.0,0.0,4030,2679,66.5,0,0,0,0,0,0,0,0,0,0,0
124,서울특별시 중구 예관동,중구,예관동,0.0,0.0,0.0,0.0,0.0,0.0,0.0,0.0,0.0,0.0,0.0,0.0,0.0,0.0,4030,2679,66.5,0,0,0,0,0,0,0,0,0,0,0
125,서울특별시 중구 묵정동,중구,묵정동,0.0,0.0,0.0,0.0,0.27,0.12,0.0,0.0,0.0,0.0,0.39,0.0,0.0,0.0,4030,2679,66.5,0,0,0,0,2,1,0,0,0,0,3
126,서울특별시 중구 필동1가,중구,필동1가,0.0,0.0,0.0,0.21,0.0,0.38,0.0,0.0,0.0,0.0,0.59,0.0,0.0,0.0,4030,2679,66.5,0,0,0,1,0,3,0,0,0,0,4
127,서울특별시 중구 필동2가,중구,필동2가,0.0,0.0,0.0,0.21,0.27,0.25,0.87,0.0,0.0,0.0,1.6,2423.5,2198.5,2013.5,4030,2679,66.5,0,0,0,1,2,2,2,0,0,0,7
128,서울특별시 중구 필동3가,중구,필동3가,0.0,0.0,3.33,0.43,0.4,0.12,0.0,0.0,0.0,0.0,4.28,0.0,0.0,0.0,4030,2679,66.5,0,0,1,2,3,1,0,0,0,0,7
129,서울특별시 중구 남학동,중구,남학동,0.0,0.0,0.0,0.0,0.0,0.0,0.0,0.0,0.0,0.0,0.0,0.0,0.0,0.0,4030,2679,66.5,0,0,0,0,0,0,0,0,0,0,0
130,서울특별시 중구 주자동,중구,주자동,0.0,0.0,0.0,0.0,0.0,0.0,0.0,0.0,0.0,0.0,0.0,0.0,0.0,0.0,4030,2679,66.5,0,0,0,0,0,0,0,0,0,0,0
131,서울특별시 중구 예장동,중구,예장동,0.0,0.0,0.0,0.43,0.0,0.0,0.0,0.0,0.0,0.0,0.43,0.0,0.0,0.0,4030,2679,66.5,0,0,0,2,0,0,0,0,0,0,2
132,서울특별시 중구 장충동1가,중구,장충동1가,0.0,0.0,0.0,0.0,0.13,0.25,0.43,0.0,0.0,0.0,0.82,2450.0,2250.0,2029.0,4030,2679,66.5,0,0,0,0,1,2,1,0,0,0,4
133,서울특별시 중구 장충동2가,중구,장충동2가,0.0,0.0,0.0,0.43,0.53,0.5,0.0,0.0,0.0,0.0,1.46,0.0,0.0,0.0,4030,2679,66.5,0,0,0,2,4,4,0,0,0,0,10
134,서울특별시 중구 광희동1가,중구,광희동1가,0.0,0.0,0.0,0.0,0.13,0.12,0.43,0.0,0.0,0.0,0.69,0.0,0.0,0.0,4030,2679,66.5,0,0,0,0,1,1,1,0,0,0,3
135,서울특별시 중구 광희동2가,중구,광희동2가,0.0,0.0,0.0,0.43,0.13,0.12,0.0,0.0,0.0,0.0,0.68,0.0,0.0,0.0,4030,2679,66.5,0,0,0,2,1,1,0,0,0,0,4
136,서울특별시 중구 쌍림동,중구,쌍림동,0.0,0.0,0.0,0.43,0.13,0.12,0.0,0.0,0.0,0.0,0.68,0.0,0.0,0.0,4030,2679,66.5,0,0,0,2,1,1,0,0,0,0,4
137,서울특별시 중구 을지로6가,중구,을지로6가,0.0,1.25,0.0,1.06,0.67,0.25,0.87,0.0,10.0,5.0,19.1,0.0,0.0,0.0,4030,2679,66.5,0,1,0,5,5,2,2,0,1,1,17
138,서울특별시 중구 을지로7가,중구,을지로7가,0.0,0.0,0.0,0.0,0.13,0.25,0.0,0.0,0.0,0.0,0.38,0.0,0.0,0.0,4030,2679,66.5,0,0,0,0,1,2,0,0,0,0,3
139,서울특별시 중구 을지로4가,중구,을지로4가,0.0,0.0,0.0,0.0,0.0,0.25,0.0,0.0,0.0,0.0,0.25,0.0,0.0,0.0,4030,2679,66.5,0,0,0,0,0,2,0,0,0,0,2
140,서울특별시 중구 을지로5가,중구,을지로5가,0.0,0.0,0.0,0.0,0.27,0.25,0.0,0.0,0.0,0.0,0.52,0.0,0.0,0.0,4030,2679,66.5,0,0,0,0,2,2,0,0,0,0,4
141,서울특별시 중구 주교동,중구,주교동,0.0,0.0,0.0,0.21,0.13,0.0,0.0,0.0,0.0,0.0,0.35,0.0,0.0,0.0,4030,2679,66.5,0,0,0,1,1,0,0,0,0,0,2
142,서울특별시 중구 방산동,중구,방산동,0.0,0.0,0.0,0.0,0.0,0.0,0.0,0.0,0.0,0.0,0.0,0.0,0.0,0.0,4030,2679,66.5,0,0,0,0,0,0,0,0,0,0,0
143,서울특별시 중구 오장동,중구,오장동,0.0,0.0,0.0,0.43,0.13,0.12,0.0,0.0,0.0,0.0,0.68,0.0,0.0,0.0,4030,2679,66.5,0,0,0,2,1,1,0,0,0,0,4
144,서울특별시 중구 을지로3가,중구,을지로3가,0.0,0.0,0.0,0.64,0.27,0.0,0.0,0.0,0.0,0.0,0.9,0.0,0.0,0.0,4030,2679,66.5,0,0,0,3,2,0,0,0,0,0,5
145,서울특별시 중구 입정동,중구,입정동,0.0,0.0,0.0,0.0,0.0,0.0,0.0,0.0,0.0,0.0,0.0,0.0,0.0,0.0,4030,2679,66.5,0,0,0,0,0,0,0,0,0,0,0
146,서울특별시 중구 산림동,중구,산림동,0.0,0.0,0.0,0.0,0.13,0.0,0.0,0.0,0.0,0.0,0.13,0.0,0.0,0.0,4030,2679,66.5,0,0,0,0,1,0,0,0,0,0,1
147,서울특별시 중구 충무로3가,중구,충무로3가,0.0,0.0,0.0,0.21,0.4,0.25,0.0,0.0,0.0,0.0,0.86,0.0,0.0,0.0,4030,2679,66.5,0,0,0,1,3,2,0,0,0,0,6
148,서울특별시 중구 초동,중구,초동,0.0,0.0,0.0,0.43,0.13,0.25,0.0,0.0,0.0,0.0,0.81,2339.0,2189.0,2026.0,4030,2679,66.5,0,0,0,2,1,2,0,0,0,0,5
149,서울특별시 중구 인현동1가,중구,인현동1가,0.0,0.0,0.0,0.21,0.13,0.0,0.0,0.0,0.0,0.0,0.35,0.0,0.0,0.0,4030,2679,66.5,0,0,0,1,1,0,0,0,0,0,2
150,서울특별시 중구 저동2가,중구,저동2가,0.0,0.0,0.0,0.21,0.4,0.12,0.43,0.0,0.0,0.0,1.17,0.0,0.0,0.0,4030,2679,66.5,0,0,0,1,3,1,1,0,0,0,6
151,서울특별시 중구 신당동,중구,신당동,0.0,2.5,3.33,3.62,2.53,2.5,0.43,0.0,0.0,0.0,14.92,2227.33,1895.25,1728.32,4030,2679,66.5,0,2,1,17,19,20,1,0,0,0,60
152,서울특별시 중구 흥인동,중구,흥인동,0.0,0.0,3.33,0.21,0.13,0.38,0.87,0.0,0.0,0.0,4.92,0.0,0.0,0.0,4030,2679,66.5,0,0,1,1,1,3,2,0,0,0,8
153,서울특별시 중구 무학동,중구,무학동,0.0,0.0,0.0,0.21,0.13,0.12,0.0,0.0,0.0,0.0,0.47,0.0,1868.0,1698.0,4030,2679,66.5,0,0,0,1,1,1,0,0,0,0,3
154,서울특별시 중구 황학동,중구,황학동,0.0,0.0,6.67,0.64,0.4,0.5,0.43,5.0,0.0,0.0,13.64,0.0,0.0,0.0,4030,2679,66.5,0,0,2,3,3,4,1,1,0,0,14
155,서울특별시 중구 서소문동,중구,서소문동,0.0,0.0,0.0,0.43,0.27,0.25,1.74,0.0,0.0,0.0,2.68,0.0,0.0,0.0,4030,2679,66.5,0,0,0,2,2,2,4,0,0,0,10
156,서울특별시 중구 정동,중구,정동,0.0,0.0,0.0,0.43,0.13,0.0,0.0,0.0,0.0,0.0,0.56,0.0,0.0,0.0,4030,2679,66.5,0,0,0,2,1,0,0,0,0,0,3
157,서울특별시 중구 순화동,중구,순화동,0.0,0.0,3.33,0.21,0.67,0.62,0.87,0.0,0.0,0.0,5.71,0.0,0.0,0.0,4030,2679,66.5,0,0,1,1,5,5,2,0,0,0,14
158,서울특별시 중구 의주로1가,중구,의주로1가,0.0,0.0,0.0,0.21,0.0,0.0,0.0,0.0,0.0,0.0,0.21,0.0,0.0,0.0,4030,2679,66.5,0,0,0,1,0,0,0,0,0,0,1
159,서울특별시 중구 충정로1가,중구,충정로1가,0.0,0.0,0.0,0.0,0.0,0.0,0.43,0.0,0.0,0.0,0.43,0.0,0.0,0.0,4030,2679,66.5,0,0,0,0,0,0,1,0,0,0,1
160,서울특별시 중구 중림동,중구,중림동,0.0,0.0,0.0,0.43,0.4,0.38,0.0,0.0,0.0,0.0,1.2,0.0,0.0,0.0,4030,2679,66.5,0,0,0,2,3,3,0,0,0,0,8
161,서울특별시 중구 의주로2가,중구,의주로2가,0.0,0.0,0.0,0.0,0.0,0.0,0.0,0.0,0.0,0.0,0.0,0.0,0.0,0.0,4030,2679,66.5,0,0,0,0,0,0,0,0,0,0,0
162,서울특별시 중구 만리동1가,중구,만리동1가,0.0,0.0,0.0,0.0,0.0,0.12,0.0,0.0,0.0,0.0,0.12,0.0,0.0,0.0,4030,2679,66.5,0,0,0,0,0,1,0,0,0,0,1
163,서울특별시 중구 만리동2가,중구,만리동2가,0.0,0.0,0.0,0.0,0.27,0.0,0.0,0.0,0.0,0.0,0.27,0.0,0.0,0.0,4030,2679,66.5,0,0,0,0,2,0,0,0,0,0,2
164,서울특별시 용산구,,,0.0,0.0,0.0,0.0,0.0,0.0,0.0,0.0,0.0,0.0,0.0,0.0,0.0,0.0,0,0,0.0,0,0,0,0,0,0,0,0,0,0,0
165,서울특별시 용산구 후암동,용산구,후암동,0.0,1.25,0.0,0.64,0.67,0.62,0.0,0.0,0.0,0.0,3.18,2297.0,1955.14,1865.14,3411,2543,74.6,0,1,0,3,5,5,0,0,0,0,14
166,서울특별시 용산구 용산동2가,용산구,용산동2가,0.0,0.0,0.0,0.43,0.53,0.62,0.43,0.0,0.0,0.0,2.02,0.0,0.0,0.0,3411,2543,74.6,0,0,0,2,4,5,1,0,0,0,12
167,서울특별시 용산구 용산동4가,용산구,용산동4가,0.0,0.0,0.0,0.0,0.0,0.0,0.0,0.0,0.0,0.0,0.0,0.0,0.0,0.0,3411,2543,74.6,0,0,0,0,0,0,0,0,0,0,0
168,서울특별시 용산구 갈월동,용산구,갈월동,0.0,1.25,0.0,0.43,0.27,0.62,0.87,0.0,0.0,0.0,3.44,2249.0,1999.0,1899.0,3411,2543,74.6,0,1,0,2,2,5,2,0,0,0,12
169,서울특별시 용산구 남영동,용산구,남영동,0.0,0.0,0.0,0.0,0.27,0.12,0.0,0.0,0.0,0.0,0.39,0.0,0.0,0.0,3411,2543,74.6,0,0,0,0,2,1,0,0,0,0,3
170,서울특별시 용산구 용산동1가,용산구,용산동1가,0.0,0.0,0.0,0.0,0.13,0.0,0.0,0.0,0.0,0.0,0.13,0.0,0.0,0.0,3411,2543,74.6,0,0,0,0,1,0,0,0,0,0,1
171,서울특별시 용산구 동자동,용산구,동자동,3.33,2.5,3.33,0.21,0.27,0.62,0.43,0.0,0.0,0.0,10.71,2390.0,2090.0,1890.0,3411,2543,74.6,1,2,1,1,2,5,1,0,0,0,13
172,서울특별시 용산구 서계동,용산구,서계동,0.0,1.25,0.0,0.64,0.13,0.25,0.0,0.0,0.0,0.0,2.27,2174.0,2048.0,1906.0,3411,2543,74.6,0,1,0,3,1,2,0,0,0,0,7
173,서울특별시 용산구 청파동1가,용산구,청파동1가,0.0,0.0,0.0,0.43,0.13,0.12,0.0,0.0,0.0,0.0,0.68,0.0,0.0,0.0,3411,2543,74.6,0,0,0,2,1,1,0,0,0,0,4
174,서울특별시 용산구 청파동2가,용산구,청파동2가,0.0,0.0,0.0,0.64,0.0,0.12,0.0,0.0,0.0,0.0,0.76,0.0,0.0,0.0,3411,2543,74.6,0,0,0,3,0,1,0,0,0,0,4
175,서울특별시 용산구 청파동3가,용산구,청파동3가,0.0,0.0,0.0,0.0,0.4,0.38,0.43,0.0,0.0,0.0,1.21,0.0,0.0,0.0,3411,2543,74.6,0,0,0,0,3,3,1,0,0,0,7
176,서울특별시 용산구 원효로1가,용산구,원효로1가,0.0,0.0,0.0,0.43,0.13,0.25,0.0,0.0,0.0,0.0,0.81,0.0,0.0,0.0,3411,2543,74.6,0,0,0,2,1,2,0,0,0,0,5
177,서울특별시 용산구 원효로2가,용산구,원효로2가,0.0,0.0,0.0,0.0,0.13,0.12,0.0,0.0,0.0,0.0,0.26,2169.0,1934.0,1768.0,3411,2543,74.6,0,0,0,0,1,1,0,0,0,0,2
178,서울특별시 용산구 신창동,용산구,신창동,0.0,0.0,0.0,0.0,0.13,0.0,0.0,0.0,0.0,0.0,0.13,0.0,0.0,0.0,3411,2543,74.6,0,0,0,0,1,0,0,0,0,0,1
179,서울특별시 용산구 산천동,용산구,산천동,0.0,0.0,0.0,0.21,0.0,0.12,0.0,0.0,0.0,0.0,0.34,0.0,0.0,0.0,3411,2543,74.6,0,0,0,1,0,1,0,0,0,0,2
180,서울특별시 용산구 청암동,용산구,청암동,0.0,0.0,0.0,0.0,0.13,0.0,0.0,0.0,0.0,0.0,0.13,2089.0,1799.0,1691.86,3411,2543,74.6,0,0,0,0,1,0,0,0,0,0,1
181,서울특별시 용산구 원효로3가,용산구,원효로3가,0.0,0.0,0.0,0.0,0.13,0.12,0.0,0.0,0.0,0.0,0.26,2160.0,1940.0,1795.0,3411,2543,74.6,0,0,0,0,1,1,0,0,0,0,2
182,서울특별시 용산구 원효로4가,용산구,원효로4가,0.0,0.0,0.0,0.21,0.13,0.0,0.0,0.0,0.0,0.0,0.35,0.0,0.0,0.0,3411,2543,74.6,0,0,0,1,1,0,0,0,0,0,2
183,서울특별시 용산구 효창동,용산구,효창동,0.0,0.0,0.0,0.21,0.13,0.62,0.0,0.0,0.0,0.0,0.97,0.0,0.0,0.0,3411,2543,74.6,0,0,0,1,1,5,0,0,0,0,7
184,서울특별시 용산구 도원동,용산구,도원동,0.0,0.0,0.0,0.0,0.13,0.0,0.0,0.0,0.0,0.0,0.13,0.0,0.0,0.0,3411,2543,74.6,0,0,0,0,1,0,0,0,0,0,1
185,서울특별시 용산구 용문동,용산구,용문동,0.0,0.0,0.0,0.43,0.13,0.12,0.0,0.0,0.0,0.0,0.68,0.0,0.0,0.0,3411,2543,74.6,0,0,0,2,1,1,0,0,0,0,4
186,서울특별시 용산구 문배동,용산구,문배동,0.0,0.0,0.0,0.64,0.13,0.12,0.0,0.0,0.0,0.0,0.9,0.0,0.0,0.0,3411,2543,74.6,0,0,0,3,1,1,0,0,0,0,5
187,서울특별시 용산구 신계동,용산구,신계동,0.0,0.0,0.0,0.21,0.0,0.25,0.0,0.0,0.0,0.0,0.46,0.0,0.0,0.0,3411,2543,74.6,0,0,0,1,0,2,0,0,0,0,3
188,서울특별시 용산구 한강로1가,용산구,한강로1가,0.0,0.0,0.0,0.0,0.27,0.38,0.0,0.0,0.0,0.0,0.64,0.0,0.0,0.0,3411,2543,74.6,0,0,0,0,2,3,0,0,0,0,5
189,서울특별시 용산구 한강로2가,용산구,한강로2가,0.0,0.0,3.33,0.43,1.2,0.5,0.43,0.0,0.0,0.0,5.89,0.0,0.0,0.0,3411,2543,74.6,0,0,1,2,9,4,1,0,0,0,17
190,서울특별시 용산구 용산동3가,용산구,용산동3가,0.0,0.0,0.0,0.0,0.0,0.0,0.0,0.0,0.0,0.0,0.0,0.0,0.0,0.0,3411,2543,74.6,0,0,0,0,0,0,0,0,0,0,0
191,서울특별시 용산구 용산동5가,용산구,용산동5가,0.0,0.0,0.0,0.21,0.0,0.12,0.43,0.0,0.0,0.0,0.77,0.0,0.0,0.0,3411,2543,74.6,0,0,0,1,0,1,1,0,0,0,3
192,서울특별시 용산구 한강로3가,용산구,한강로3가,0.0,2.5,3.33,0.85,0.53,0.75,0.43,5.0,0.0,5.0,18.4,1858.0,1648.0,1528.0,3411,2543,74.6,0,2,1,4,4,6,1,1,0,1,20
193,서울특별시 용산구 이촌동,용산구,이촌동,0.0,0.0,0.0,0.85,0.4,1.0,0.87,0.0,0.0,0.0,3.12,2057.0,1857.0,1740.0,3411,2543,74.6,0,0,0,4,3,8,2,0,0,0,17
194,서울특별시 용산구 이태원동,용산구,이태원동,3.33,0.0,0.0,0.85,1.73,1.12,0.43,0.0,0.0,0.0,7.48,0.0,0.0,0.0,3411,2543,74.6,1,0,0,4,13,9,1,0,0,0,28
195,서울특별시 용산구 한남동,용산구,한남동,0.0,0.0,0.0,0.85,1.2,0.88,1.74,0.0,0.0,0.0,4.67,2402.0,2093.25,1945.5,3411,2543,74.6,0,0,0,4,9,7,4,0,0,0,24
196,서울특별시 용산구 동빙고동,용산구,동빙고동,0.0,0.0,0.0,0.21,0.0,0.25,0.43,0.0,0.0,0.0,0.9,0.0,0.0,0.0,3411,2543,74.6,0,0,0,1,0,2,1,0,0,0,4
197,서울특별시 용산구 서빙고동,용산구,서빙고동,0.0,0.0,0.0,0.21,0.0,0.25,0.0,0.0,0.0,0.0,0.46,2218.0,1999.0,1860.0,3411,2543,74.6,0,0,0,1,0,2,0,0,0,0,3
198,서울특별시 용산구 주성동,용산구,주성동,0.0,0.0,0.0,0.0,0.0,0.0,0.0,0.0,0.0,0.0,0.0,0.0,0.0,0.0,3411,2543,74.6,0,0,0,0,0,0,0,0,0,0,0
199,서울특별시 용산구 용산동6가,용산구,용산동6가,0.0,0.0,0.0,0.0,0.13,0.0,0.0,0.0,0.0,0.0,0.13,0.0,0.0,0.0,3411,2543,74.6,0,0,0,0,1,0,0,0,0,0,1
200,서울특별시 용산구 보광동,용산구,보광동,0.0,1.25,0.0,0.43,0.4,0.25,0.0,0.0,0.0,0.0,2.33,0.0,0.0,0.0,3411,2543,74.6,0,1,0,2,3,2,0,0,0,0,8
201,서울특별시 성동구,,,0.0,0.0,0.0,0.0,0.0,0.0,0.0,0.0,0.0,0.0,0.0,0.0,0.0,0.0,0,0,0.0,0,0,0,0,0,0,0,0,0,0,0
202,서울특별시 성동구 상왕십리동,성동구,상왕십리동,0.0,0.0,0.0,0.43,0.4,0.25,0.0,0.0,0.0,0.0,1.08,0.0,0.0,0.0,2457,1787,72.7,0,0,0,2,3,2,0,0,0,0,7
203,서울특별시 성동구 하왕십리동,성동구,하왕십리동,0.0,0.0,3.33,0.43,0.67,0.88,0.87,0.0,0.0,0.0,6.17,0.0,1898.0,1747.0,2457,1787,72.7,0,0,1,2,5,7,2,0,0,0,17
204,서울특별시 성동구 홍익동,성동구,홍익동,0.0,0.0,0.0,0.0,0.13,0.25,0.0,0.0,0.0,0.0,0.38,0.0,0.0,0.0,2457,1787,72.7,0,0,0,0,1,2,0,0,0,0,3
205,서울특별시 성동구 도선동,성동구,도선동,0.0,0.0,0.0,0.64,0.53,0.38,0.43,0.0,0.0,0.0,1.98,0.0,1576.57,1419.43,2457,1787,72.7,0,0,0,3,4,3,1,0,0,0,11
206,서울특별시 성동구 마장동,성동구,마장동,0.0,0.0,0.0,1.06,0.53,0.38,0.0,0.0,0.0,0.0,1.97,0.0,1571.81,1420.86,2457,1787,72.7,0,0,0,5,4,3,0,0,0,0,12
207,서울특별시 성동구 사근동,성동구,사근동,0.0,0.0,0.0,0.64,0.4,0.38,0.0,0.0,0.0,0.0,1.41,0.0,0.0,0.0,2457,1787,72.7,0,0,0,3,3,3,0,0,0,0,9
208,서울특별시 성동구 행당동,성동구,행당동,6.67,2.5,0.0,2.13,1.47,0.88,1.3,0.0,0.0,5.0,19.94,0.0,0.0,0.0,2457,1787,72.7,2,2,0,10,11,7,3,0,0,1,36
209,서울특별시 성동구 응봉동,성동구,응봉동,0.0,0.0,0.0,0.0,0.27,0.0,0.0,0.0,0.0,0.0,0.27,0.0,0.0,0.0,2457,1787,72.7,0,0,0,0,2,0,0,0,0,0,2
210,서울특별시 성동구 금호동1가,성동구,금호동1가,0.0,0.0,0.0,0.0,0.27,0.38,0.0,0.0,0.0,0.0,0.64,0.0,0.0,0.0,2457,1787,72.7,0,0,0,0,2,3,0,0,0,0,5
211,서울특별시 성동구 금호동2가,성동구,금호동2가,0.0,0.0,0.0,0.0,0.4,0.38,0.0,0.0,0.0,0.0,0.78,0.0,0.0,0.0,2457,1787,72.7,0,0,0,0,3,3,0,0,0,0,6
212,서울특별시 성동구 금호동3가,성동구,금호동3가,0.0,1.25,0.0,0.21,0.27,0.0,0.0,0.0,0.0,0.0,1.73,0.0,0.0,0.0,2457,1787,72.7,0,1,0,1,2,0,0,0,0,0,4
213,서울특별시 성동구 금호동4가,성동구,금호동4가,0.0,0.0,0.0,0.21,0.4,0.62,0.0,0.0,0.0,0.0,1.24,0.0,1770.0,1620.0,2457,1787,72.7,0,0,0,1,3,5,0,0,0,0,9
214,서울특별시 성동구 옥수동,성동구,옥수동,0.0,0.0,0.0,0.43,0.4,0.5,0.0,0.0,0.0,0.0,1.33,2265.0,1968.0,1815.0,2457,1787,72.7,0,0,0,2,3,4,0,0,0,0,9
215,서울특별시 성동구 성수동1가,성동구,성수동1가,0.0,0.0,0.0,1.28,1.73,1.88,0.43,0.0,0.0,0.0,5.32,1976.5,1656.33,1493.67,2457,1787,72.7,0,0,0,6,13,15,1,0,0,0,35
216,서울특별시 성동구 성수동2가,성동구,성수동2가,0.0,1.25,0.0,1.49,2.93,1.75,0.87,0.0,0.0,0.0,8.29,1936.05,1689.38,1511.57,2457,1787,72.7,0,1,0,7,22,14,2,0,0,0,46
217,서울특별시 성동구 송정동,성동구,송정동,0.0,0.0,0.0,0.0,0.4,0.38,0.0,0.0,0.0,0.0,0.78,0.0,1506.0,1325.43,2457,1787,72.7,0,0,0,0,3,3,0,0,0,0,6
218,서울특별시 성동구 용답동,성동구,용답동,0.0,1.25,0.0,0.85,0.93,0.25,0.0,0.0,0.0,0.0,3.28,1748.0,1571.19,1420.38,2457,1787,72.7,0,1,0,4,7,2,0,0,0,0,14
219,서울특별시 광진구,,,0.0,0.0,0.0,0.0,0.0,0.0,0.0,0.0,0.0,0.0,0.0,0.0,0.0,0.0,0,0,0.0,0,0,0,0,0,0,0,0,0,0,0
220,서울특별시 광진구 중곡동,광진구,중곡동,0.0,1.25,0.0,1.7,2.93,2.88,0.0,0.0,0.0,0.0,8.76,1727.0,1519.43,1345.86,3915,2789,71.2,0,1,0,8,22,23,0,0,0,0,54
221,서울특별시 광진구 능동,광진구,능동,0.0,0.0,0.0,0.85,0.53,0.88,0.0,0.0,0.0,0.0,2.26,1739.0,1515.72,1355.14,3915,2789,71.2,0,0,0,4,4,7,0,0,0,0,15
222,서울특별시 광진구 구의동,광진구,구의동,0.0,6.25,0.0,2.98,2.8,2.62,2.17,0.0,0.0,5.0,21.83,0.0,1591.0,1461.36,3915,2789,71.2,0,5,0,14,21,21,5,0,0,1,67
223,서울특별시 광진구 광장동,광진구,광장동,0.0,0.0,3.33,0.85,0.93,0.75,0.87,0.0,0.0,0.0,6.74,1768.78,1556.5,1399.64,3915,2789,71.2,0,0,1,4,7,6,2,0,0,0,20
224,서울특별시 광진구 자양동,광진구,자양동,0.0,3.75,3.33,4.26,3.73,3.5,1.74,5.0,0.0,5.0,30.31,1835.0,1573.9,1450.57,3915,2789,71.2,0,3,1,20,28,28,4,1,0,1,86
225,서울특별시 광진구 화양동,광진구,화양동,3.33,1.25,3.33,3.4,2.27,1.75,0.87,0.0,0.0,0.0,16.21,1985.0,1595.0,1469.0,3915,2789,71.2,1,1,1,16,17,14,2,0,0,0,52
226,서울특별시 광진구 군자동,광진구,군자동,0.0,1.25,3.33,0.85,0.93,1.25,0.87,0.0,10.0,0.0,18.49,0.0,1542.0,1373.0,3915,2789,71.2,0,1,1,4,7,10,2,0,1,0,26
227,서울특별시 동대문구,,,0.0,0.0,0.0,0.0,0.0,0.0,0.0,0.0,0.0,0.0,0.0,0.0,0.0,0.0,0,0,0.0,0,0,0,0,0,0,0,0,0,0,0
228,서울특별시 동대문구 신설동,동대문구,신설동,0.0,0.0,3.33,0.64,0.8,0.5,0.43,0.0,0.0,0.0,5.71,0.0,1699.0,1529.0,3680,2968,80.7,0,0,1,3,6,4,1,0,0,0,15
229,서울특별시 동대문구 용두동,동대문구,용두동,0.0,1.25,0.0,1.28,1.87,0.88,0.0,0.0,0.0,0.0,5.27,1798.0,1539.78,1363.86,3680,2968,80.7,0,1,0,6,14,7,0,0,0,0,28
230,서울특별시 동대문구 제기동,동대문구,제기동,0.0,0.0,0.0,1.7,1.47,0.5,0.0,0.0,0.0,0.0,3.67,0.0,1496.43,1346.43,3680,2968,80.7,0,0,0,8,11,4,0,0,0,0,23
231,서울특별시 동대문구 전농동,동대문구,전농동,3.33,1.25,0.0,1.49,1.87,1.88,0.0,5.0,0.0,0.0,14.81,0.0,1497.96,1347.96,3680,2968,80.7,1,1,0,7,14,15,0,1,0,0,39
232,서울특별시 동대문구 답십리동,동대문구,답십리동,0.0,0.0,0.0,1.91,1.6,2.38,0.43,0.0,0.0,0.0,6.32,0.0,1536.5,1386.5,3680,2968,80.7,0,0,0,9,12,19,1,0,0,0,41
233,서울특별시 동대문구 장안동,동대문구,장안동,3.33,2.5,3.33,4.26,2.8,3.38,0.43,5.0,0.0,0.0,25.03,1839.0,1565.28,1411.82,3680,2968,80.7,1,2,1,20,21,27,1,1,0,0,74
234,서울특별시 동대문구 청량리동,동대문구,청량리동,0.0,1.25,0.0,0.64,0.53,0.38,0.0,0.0,0.0,0.0,2.8,0.0,1589.0,1434.0,3680,2968,80.7,0,1,0,3,4,3,0,0,0,0,11
235,서울특별시 동대문구 회기동,동대문구,회기동,0.0,0.0,0.0,1.06,0.67,1.0,1.3,0.0,0.0,0.0,4.03,0.0,0.0,0.0,3680,2968,80.7,0,0,0,5,5,8,3,0,0,0,21
236,서울특별시 동대문구 휘경동,동대문구,휘경동,0.0,0.0,0.0,1.7,1.2,1.12,0.0,0.0,0.0,0.0,4.03,1775.0,1578.5,1399.04,3680,2968,80.7,0,0,0,8,9,9,0,0,0,0,26
237,서울특별시 동대문구 이문동,동대문구,이문동,3.33,1.25,0.0,2.55,1.47,1.38,0.87,0.0,0.0,0.0,10.85,0.0,1506.64,1361.64,3680,2968,80.7,1,1,0,12,11,11,2,0,0,0,38
238,서울특별시 중랑구,,,0.0,0.0,0.0,0.0,0.0,0.0,0.0,0.0,0.0,0.0,0.0,0.0,0.0,0.0,0,0,0.0,0,0,0,0,0,0,0,0,0,0,0
239,서울특별시 중랑구 면목동,중랑구,면목동,0.0,2.5,0.0,3.62,3.33,4.75,0.43,0.0,0.0,0.0,14.64,1752.0,1505.6,1327.5,4288,3222,75.1,0,2,0,17,25,38,1,0,0,0,83
240,서울특별시 중랑구 상봉동,중랑구,상봉동,0.0,3.75,0.0,1.28,1.47,1.88,1.3,0.0,10.0,5.0,24.67,0.0,1526.0,1364.33,4288,3222,75.1,0,3,0,6,11,15,3,0,1,1,40
241,서울특별시 중랑구 중화동,중랑구,중화동,0.0,1.25,3.33,0.85,1.73,1.5,0.0,0.0,0.0,0.0,8.67,1915.0,1575.0,1429.0,4288,3222,75.1,0,1,1,4,13,12,0,0,0,0,31
242,서울특별시 중랑구 묵동,중랑구,묵동,0.0,0.0,3.33,1.28,1.2,2.0,0.0,0.0,0.0,0.0,7.81,0.0,1528.0,1378.0,4288,3222,75.1,0,0,1,6,9,16,0,0,0,0,32
243,서울특별시 중랑구 망우동,중랑구,망우동,3.33,1.25,0.0,1.7,2.0,1.38,0.0,0.0,0.0,0.0,9.66,0.0,1522.33,1374.33,4288,3222,75.1,1,1,0,8,15,11,0,0,0,0,36
244,서울특별시 중랑구 신내동,중랑구,신내동,3.33,1.25,0.0,1.06,1.07,1.0,0.43,0.0,0.0,0.0,8.15,0.0,1536.0,1386.0,4288,3222,75.1,1,1,0,5,8,8,1,0,0,0,24
245,서울특별시 성북구,,,0.0,0.0,0.0,0.0,0.0,0.0,0.0,0.0,0.0,0.0,0.0,0.0,0.0,0.0,0,0,0.0,0,0,0,0,0,0,0,0,0,0,0
246,서울특별시 성북구 성북동,성북구,성북동,0.0,0.0,0.0,0.85,0.27,0.12,0.0,0.0,0.0,0.0,1.24,0.0,0.0,0.0,3042,2277,74.9,0,0,0,4,2,1,0,0,0,0,7
247,서울특별시 성북구 성북동1가,성북구,성북동1가,0.0,0.0,0.0,0.21,0.13,0.12,0.43,0.0,0.0,0.0,0.91,0.0,0.0,0.0,3042,2277,74.9,0,0,0,1,1,1,1,0,0,0,4
248,서울특별시 성북구 돈암동,성북구,돈암동,0.0,0.0,0.0,0.64,0.8,0.38,0.0,0.0,0.0,0.0,1.81,0.0,0.0,0.0,3042,2277,74.9,0,0,0,3,6,3,0,0,0,0,12
249,서울특별시 성북구 동소문동1가,성북구,동소문동1가,3.33,0.0,0.0,0.0,0.13,0.25,0.0,0.0,0.0,0.0,3.72,0.0,0.0,0.0,3042,2277,74.9,1,0,0,0,1,2,0,0,0,0,4
250,서울특별시 성북구 동소문동2가,성북구,동소문동2가,0.0,1.25,0.0,0.0,0.13,0.0,0.43,0.0,0.0,0.0,1.82,0.0,0.0,0.0,3042,2277,74.9,0,1,0,0,1,0,1,0,0,0,3
251,서울특별시 성북구 동소문동3가,성북구,동소문동3가,0.0,0.0,0.0,0.0,0.0,0.12,0.0,0.0,0.0,0.0,0.12,0.0,0.0,0.0,3042,2277,74.9,0,0,0,0,0,1,0,0,0,0,1
252,서울특별시 성북구 동소문동4가,성북구,동소문동4가,0.0,0.0,0.0,0.21,0.13,0.12,0.0,0.0,0.0,0.0,0.47,0.0,0.0,0.0,3042,2277,74.9,0,0,0,1,1,1,0,0,0,0,3
253,서울특별시 성북구 동소문동5가,성북구,동소문동5가,0.0,0.0,0.0,0.21,0.13,0.12,0.0,0.0,0.0,0.0,0.47,0.0,0.0,0.0,3042,2277,74.9,0,0,0,1,1,1,0,0,0,0,3
254,서울특별시 성북구 동소문동6가,성북구,동소문동6가,0.0,0.0,0.0,0.21,0.13,0.12,0.0,0.0,0.0,0.0,0.47,0.0,0.0,0.0,3042,2277,74.9,0,0,0,1,1,1,0,0,0,0,3
255,서울특별시 성북구 동소문동7가,성북구,동소문동7가,0.0,0.0,0.0,0.0,0.13,0.0,0.0,0.0,0.0,0.0,0.13,0.0,0.0,0.0,3042,2277,74.9,0,0,0,0,1,0,0,0,0,0,1
256,서울특별시 성북구 삼선동1가,성북구,삼선동1가,0.0,0.0,0.0,0.21,0.0,0.12,0.0,0.0,0.0,0.0,0.34,0.0,2175.0,1995.0,3042,2277,74.9,0,0,0,1,0,1,0,0,0,0,2
257,서울특별시 성북구 삼선동2가,성북구,삼선동2가,0.0,0.0,0.0,0.21,0.4,0.0,0.0,0.0,0.0,0.0,0.61,0.0,0.0,0.0,3042,2277,74.9,0,0,0,1,3,0,0,0,0,0,4
258,서울특별시 성북구 삼선동3가,성북구,삼선동3가,0.0,0.0,0.0,0.0,0.0,0.12,0.0,0.0,0.0,0.0,0.12,0.0,0.0,0.0,3042,2277,74.9,0,0,0,0,0,1,0,0,0,0,1
259,서울특별시 성북구 삼선동4가,성북구,삼선동4가,0.0,0.0,0.0,0.21,0.13,0.12,0.0,0.0,0.0,0.0,0.47,0.0,0.0,0.0,3042,2277,74.9,0,0,0,1,1,1,0,0,0,0,3
260,서울특별시 성북구 삼선동5가,성북구,삼선동5가,0.0,0.0,0.0,0.21,0.13,0.38,0.0,0.0,0.0,0.0,0.72,0.0,0.0,0.0,3042,2277,74.9,0,0,0,1,1,3,0,0,0,0,5
261,서울특별시 성북구 동선동1가,성북구,동선동1가,0.0,0.0,0.0,0.64,0.27,0.25,0.43,0.0,0.0,5.0,6.59,0.0,0.0,0.0,3042,2277,74.9,0,0,0,3,2,2,1,0,0,1,9
262,서울특별시 성북구 동선동2가,성북구,동선동2가,0.0,0.0,0.0,0.0,0.13,0.38,0.43,0.0,0.0,0.0,0.94,0.0,0.0,0.0,3042,2277,74.9,0,0,0,0,1,3,1,0,0,0,5
263,서울특별시 성북구 동선동3가,성북구,동선동3가,0.0,0.0,0.0,0.85,0.13,0.12,0.0,0.0,0.0,0.0,1.11,0.0,0.0,0.0,3042,2277,74.9,0,0,0,4,1,1,0,0,0,0,6
264,서울특별시 성북구 동선동4가,성북구,동선동4가,0.0,1.25,0.0,0.0,0.13,0.5,0.0,0.0,0.0,0.0,1.88,0.0,0.0,0.0,3042,2277,74.9,0,1,0,0,1,4,0,0,0,0,6
265,서울특별시 성북구 동선동5가,성북구,동선동5가,0.0,0.0,0.0,0.21,0.0,0.0,0.0,0.0,0.0,0.0,0.21,0.0,0.0,0.0,3042,2277,74.9,0,0,0,1,0,0,0,0,0,0,1
266,서울특별시 성북구 안암동1가,성북구,안암동1가,0.0,0.0,0.0,0.0,0.0,0.38,0.0,0.0,0.0,0.0,0.38,0.0,0.0,0.0,3042,2277,74.9,0,0,0,0,0,3,0,0,0,0,3
267,서울특별시 성북구 안암동2가,성북구,안암동2가,0.0,0.0,0.0,0.43,0.13,0.0,0.0,0.0,0.0,0.0,0.56,0.0,0.0,0.0,3042,2277,74.9,0,0,0,2,1,0,0,0,0,0,3
268,서울특별시 성북구 안암동3가,성북구,안암동3가,0.0,0.0,0.0,0.0,0.0,0.25,0.0,0.0,0.0,0.0,0.25,0.0,0.0,0.0,3042,2277,74.9,0,0,0,0,0,2,0,0,0,0,2
269,서울특별시 성북구 안암동4가,성북구,안암동4가,0.0,0.0,0.0,0.0,0.13,0.12,0.0,0.0,0.0,0.0,0.26,0.0,0.0,0.0,3042,2277,74.9,0,0,0,0,1,1,0,0,0,0,2
270,서울특별시 성북구 안암동5가,성북구,안암동5가,3.33,0.0,6.67,1.49,0.93,0.88,0.87,0.0,0.0,0.0,14.17,0.0,1512.0,1363.0,3042,2277,74.9,1,0,2,7,7,7,2,0,0,0,26
271,서울특별시 성북구 보문동4가,성북구,보문동4가,0.0,0.0,0.0,0.0,0.0,0.0,0.0,0.0,0.0,0.0,0.0,0.0,0.0,0.0,3042,2277,74.9,0,0,0,0,0,0,0,0,0,0,0
272,서울특별시 성북구 보문동5가,성북구,보문동5가,0.0,1.25,0.0,0.0,0.13,0.0,0.0,0.0,0.0,0.0,1.38,1939.0,1584.86,1439.0,3042,2277,74.9,0,1,0,0,1,0,0,0,0,0,2
273,서울특별시 성북구 보문동6가,성북구,보문동6가,0.0,0.0,0.0,0.21,0.13,0.0,0.0,0.0,0.0,0.0,0.35,0.0,0.0,0.0,3042,2277,74.9,0,0,0,1,1,0,0,0,0,0,2
274,서울특별시 성북구 보문동7가,성북구,보문동7가,0.0,0.0,0.0,0.21,0.13,0.0,0.0,0.0,0.0,0.0,0.35,0.0,0.0,0.0,3042,2277,74.9,0,0,0,1,1,0,0,0,0,0,2
275,서울특별시 성북구 보문동1가,성북구,보문동1가,0.0,0.0,0.0,0.0,0.0,0.25,0.0,0.0,0.0,0.0,0.25,0.0,1547.0,1397.0,3042,2277,74.9,0,0,0,0,0,2,0,0,0,0,2
276,서울특별시 성북구 보문동2가,성북구,보문동2가,0.0,0.0,0.0,0.0,0.13,0.25,0.0,0.0,0.0,0.0,0.38,0.0,0.0,0.0,3042,2277,74.9,0,0,0,0,1,2,0,0,0,0,3
277,서울특별시 성북구 보문동3가,성북구,보문동3가,0.0,0.0,0.0,0.0,0.0,0.0,0.0,0.0,0.0,0.0,0.0,0.0,0.0,0.0,3042,2277,74.9,0,0,0,0,0,0,0,0,0,0,0
278,서울특별시 성북구 정릉동,성북구,정릉동,0.0,1.25,0.0,2.77,2.0,2.0,0.0,0.0,0.0,0.0,8.02,1854.0,1533.54,1380.5,3042,2277,74.9,0,1,0,13,15,16,0,0,0,0,45
279,서울특별시 성북구 길음동,성북구,길음동,0.0,2.5,3.33,0.64,0.53,0.75,0.87,0.0,0.0,0.0,8.62,1749.0,1548.5,1404.5,3042,2277,74.9,0,2,1,3,4,6,2,0,0,0,18
280,서울특별시 성북구 종암동,성북구,종암동,3.33,1.25,3.33,0.43,0.53,1.88,0.87,0.0,0.0,0.0,11.62,1669.64,1520.05,1369.38,3042,2277,74.9,1,1,1,2,4,15,2,0,0,0,26
281,서울특별시 성북구 하월곡동,성북구,하월곡동,0.0,1.25,0.0,0.85,0.93,1.38,0.87,0.0,0.0,0.0,5.28,1739.0,1589.0,1429.0,3042,2277,74.9,0,1,0,4,7,11,2,0,0,0,25
282,서울특별시 성북구 상월곡동,성북구,상월곡동,0.0,0.0,0.0,0.43,0.27,0.5,0.0,0.0,0.0,0.0,1.19,0.0,1579.0,1419.0,3042,2277,74.9,0,0,0,2,2,4,0,0,0,0,8
283,서울특별시 성북구 장위동,성북구,장위동,0.0,0.0,0.0,0.64,0.53,1.12,0.0,0.0,0.0,0.0,2.3,1969.0,1531.68,1364.39,3042,2277,74.9,0,0,0,3,4,9,0,0,0,0,16
284,서울특별시 성북구 석관동,성북구,석관동,0.0,1.25,3.33,0.85,0.8,0.88,0.0,0.0,0.0,0.0,7.11,0.0,1538.0,1378.0,3042,2277,74.9,0,1,1,4,6,7,0,0,0,0,19
285,서울특별시 강북구,,,0.0,0.0,0.0,0.0,0.0,0.0,0.0,0.0,0.0,0.0,0.0,0.0,0.0,0.0,0,0,0.0,0,0,0,0,0,0,0,0,0,0,0
286,서울특별시 강북구 미아동,강북구,미아동,10.0,2.5,3.33,4.26,3.73,3.88,1.3,0.0,0.0,5.0,34.0,1831.95,1534.22,1406.5,3437,2743,79.8,3,2,1,20,28,31,3,0,0,1,89
287,서울특별시 강북구 번동,강북구,번동,6.67,1.25,3.33,1.91,1.73,2.12,0.43,5.0,0.0,0.0,22.46,1793.0,1519.78,1372.78,3437,2743,79.8,2,1,1,9,13,17,1,1,0,0,45
288,서울특별시 강북구 수유동,강북구,수유동,0.0,1.25,0.0,4.26,3.73,3.38,0.43,0.0,0.0,5.0,18.05,0.0,1488.09,1351.0,3437,2743,79.8,0,1,0,20,28,27,1,0,0,1,78
289,서울특별시 강북구 우이동,강북구,우이동,0.0,0.0,0.0,0.64,0.53,0.25,0.0,0.0,0.0,0.0,1.42,0.0,0.0,0.0,3437,2743,79.8,0,0,0,3,4,2,0,0,0,0,9
290,서울특별시 도봉구,,,0.0,0.0,0.0,0.0,0.0,0.0,0.0,0.0,0.0,0.0,0.0,0.0,0.0,0.0,0,0,0.0,0,0,0,0,0,0,0,0,0,0,0
291,서울특별시 도봉구 쌍문동,도봉구,쌍문동,3.33,0.0,3.33,2.13,2.53,2.0,0.0,0.0,0.0,0.0,13.33,0.0,1509.5,1367.0,2249,1676,74.5,1,0,1,10,19,16,0,0,0,0,47
292,서울특별시 도봉구 방학동,도봉구,방학동,0.0,3.75,0.0,1.49,2.0,1.38,0.0,0.0,0.0,5.0,13.61,1904.0,1585.6,1443.02,2249,1676,74.5,0,3,0,7,15,11,0,0,0,1,37
293,서울특별시 도봉구 창동,도봉구,창동,0.0,2.5,3.33,4.26,2.0,3.25,0.87,0.0,10.0,0.0,26.21,0.0,1521.43,1382.57,2249,1676,74.5,0,2,1,20,15,26,2,0,1,0,67
294,서울특별시 도봉구 도봉동,도봉구,도봉동,3.33,0.0,0.0,1.91,1.73,1.0,0.0,0.0,0.0,0.0,7.98,1688.0,1621.61,1476.5,2249,1676,74.5,1,0,0,9,13,8,0,0,0,0,31
295,서울특별시 노원구,,,0.0,0.0,0.0,0.0,0.0,0.0,0.0,0.0,0.0,0.0,0.0,0.0,0.0,0.0,0,0,0.0,0,0,0,0,0,0,0,0,0,0,0
296,서울특별시 노원구 월계동,노원구,월계동,0.0,0.0,0.0,1.91,1.87,2.62,1.3,0.0,0.0,0.0,7.71,0.0,1552.09,1384.67,4007,2725,68.0,0,0,0,9,14,21,3,0,0,0,47
297,서울특별시 노원구 공릉동,노원구,공릉동,3.33,1.25,3.33,3.83,3.07,2.75,1.3,0.0,0.0,0.0,18.87,1736.0,1550.07,1406.57,4007,2725,68.0,1,1,1,18,23,22,3,0,0,0,69
298,서울특별시 노원구 하계동,노원구,하계동,3.33,0.0,0.0,0.21,1.07,1.0,0.0,0.0,0.0,0.0,5.61,1996.71,1698.5,1580.0,4007,2725,68.0,1,0,0,1,8,8,0,0,0,0,18
299,서울특별시 노원구 상계동,노원구,상계동,6.67,5.0,3.33,4.47,4.93,5.62,1.74,10.0,0.0,0.0,41.77,0.0,1646.67,1497.67,4007,2725,68.0,2,4,1,21,37,45,4,2,0,0,116
300,서울특별시 노원구 중계동,노원구,중계동,3.33,3.75,0.0,2.34,0.93,2.0,0.43,0.0,0.0,10.0,22.79,0.0,1574.0,1414.0,4007,2725,68.0,1,3,0,11,7,16,1,0,0,2,41
301,서울특별시 은평구,,,0.0,0.0,0.0,0.0,0.0,0.0,0.0,0.0,0.0,0.0,0.0,0.0,0.0,0.0,0,0,0.0,0,0,0,0,0,0,0,0,0,0,0
302,서울특별시 은평구 수색동,은평구,수색동,0.0,0.0,0.0,0.0,0.0,0.0,0.0,0.0,0.0,0.0,0.0,0.0,1509.28,1343.57,3590,2863,79.7,0,0,0,0,0,0,0,0,0,0,0
303,서울특별시 은평구 녹번동,은평구,녹번동,0.0,0.0,3.33,0.64,1.07,1.5,0.0,0.0,0.0,0.0,6.54,1723.43,1582.86,1443.81,3590,2863,79.7,0,0,1,3,8,12,0,0,0,0,24
304,서울특별시 은평구 불광동,은평구,불광동,0.0,0.0,6.67,1.91,1.47,1.88,0.43,0.0,10.0,0.0,22.36,0.0,1553.22,1396.64,3590,2863,79.7,0,0,2,9,11,15,1,0,1,0,39
305,서울특별시 은평구 갈현동,은평구,갈현동,0.0,0.0,3.33,3.62,1.33,1.62,0.43,0.0,0.0,0.0,10.34,0.0,1593.43,1430.29,3590,2863,79.7,0,0,1,17,10,13,1,0,0,0,42
306,서울특별시 은평구 구산동,은평구,구산동,3.33,0.0,0.0,0.64,0.93,1.0,0.0,0.0,0.0,0.0,5.9,0.0,0.0,0.0,3590,2863,79.7,1,0,0,3,7,8,0,0,0,0,19
307,서울특별시 은평구 대조동,은평구,대조동,0.0,1.25,0.0,0.85,0.93,1.5,0.87,0.0,0.0,5.0,10.4,0.0,0.0,0.0,3590,2863,79.7,0,1,0,4,7,12,2,0,0,1,27
308,서울특별시 은평구 응암동,은평구,응암동,3.33,3.75,0.0,2.55,2.0,2.25,0.87,0.0,0.0,0.0,14.76,1670.57,1503.0,1352.36,3590,2863,79.7,1,3,0,12,15,18,2,0,0,0,51
309,서울특별시 은평구 역촌동,은평구,역촌동,0.0,0.0,0.0,1.7,1.6,1.25,0.0,0.0,0.0,0.0,4.55,0.0,0.0,0.0,3590,2863,79.7,0,0,0,8,12,10,0,0,0,0,30
310,서울특별시 은평구 신사동,은평구,신사동,6.67,0.0,3.33,4.68,3.6,4.5,3.48,0.0,0.0,10.0,36.26,1946.26,1691.91,1542.12,3590,2863,79.7,2,0,1,22,27,36,8,0,0,2,98
311,서울특별시 은평구 증산동,은평구,증산동,0.0,0.0,0.0,0.43,0.4,0.88,0.0,0.0,0.0,0.0,1.7,0.0,1505.0,1340.0,3590,2863,79.7,0,0,0,2,3,7,0,0,0,0,12
312,서울특별시 은평구 진관동,은평구,진관동,0.0,2.5,0.0,1.28,1.33,1.38,0.87,5.0,0.0,0.0,12.35,1770.22,1593.38,1445.0,3590,2863,79.7,0,2,0,6,10,11,2,1,0,0,32
313,서울특별시 서대문구,,,0.0,0.0,0.0,0.0,0.0,0.0,0.0,0.0,0.0,0.0,0.0,0.0,0.0,0.0,0,0,0.0,0,0,0,0,0,0,0,0,0,0,0
314,서울특별시 서대문구 충정로2가,서대문구,충정로2가,0.0,1.25,0.0,0.21,0.4,0.25,0.43,0.0,0.0,0.0,2.55,0.0,0.0,0.0,2802,2016,71.9,0,1,0,1,3,2,1,0,0,0,8
315,서울특별시 서대문구 충정로3가,서대문구,충정로3가,0.0,0.0,0.0,0.64,0.13,0.38,0.87,0.0,0.0,0.0,2.02,0.0,0.0,0.0,2802,2016,71.9,0,0,0,3,1,3,2,0,0,0,9
316,서울특별시 서대문구 합동,서대문구,합동,0.0,0.0,0.0,0.0,0.13,0.12,0.0,0.0,0.0,0.0,0.26,0.0,0.0,0.0,2802,2016,71.9,0,0,0,0,1,1,0,0,0,0,2
317,서울특별시 서대문구 미근동,서대문구,미근동,0.0,0.0,0.0,0.0,0.27,0.12,0.0,0.0,0.0,0.0,0.39,0.0,0.0,0.0,2802,2016,71.9,0,0,0,0,2,1,0,0,0,0,3
318,서울특별시 서대문구 냉천동,서대문구,냉천동,0.0,0.0,0.0,0.0,0.13,0.25,0.0,0.0,0.0,0.0,0.38,0.0,0.0,0.0,2802,2016,71.9,0,0,0,0,1,2,0,0,0,0,3
319,서울특별시 서대문구 천연동,서대문구,천연동,0.0,0.0,0.0,0.21,0.13,0.12,0.0,0.0,0.0,0.0,0.47,0.0,0.0,0.0,2802,2016,71.9,0,0,0,1,1,1,0,0,0,0,3
320,서울특별시 서대문구 옥천동,서대문구,옥천동,0.0,0.0,0.0,0.0,0.0,0.0,0.0,0.0,0.0,0.0,0.0,0.0,0.0,0.0,2802,2016,71.9,0,0,0,0,0,0,0,0,0,0,0
321,서울특별시 서대문구 영천동,서대문구,영천동,0.0,0.0,0.0,0.21,0.0,0.0,0.0,0.0,0.0,0.0,0.21,0.0,0.0,0.0,2802,2016,71.9,0,0,0,1,0,0,0,0,0,0,1
322,서울특별시 서대문구 현저동,서대문구,현저동,0.0,0.0,0.0,0.0,0.4,0.0,0.0,0.0,0.0,0.0,0.4,0.0,0.0,0.0,2802,2016,71.9,0,0,0,0,3,0,0,0,0,0,3
323,서울특별시 서대문구 북아현동,서대문구,북아현동,0.0,0.0,0.0,0.0,1.07,0.5,0.43,0.0,0.0,0.0,2.0,0.0,0.0,0.0,2802,2016,71.9,0,0,0,0,8,4,1,0,0,0,13
324,서울특별시 서대문구 홍제동,서대문구,홍제동,3.33,0.0,3.33,1.06,1.73,1.38,0.43,0.0,0.0,0.0,11.27,1893.43,1593.18,1436.46,2802,2016,71.9,1,0,1,5,13,11,1,0,0,0,32
325,서울특별시 서대문구 대현동,서대문구,대현동,0.0,1.25,0.0,1.06,0.8,0.62,0.87,0.0,0.0,0.0,4.61,0.0,0.0,0.0,2802,2016,71.9,0,1,0,5,6,5,2,0,0,0,19
326,서울특별시 서대문구 대신동,서대문구,대신동,0.0,0.0,0.0,0.21,0.67,0.38,0.43,0.0,0.0,0.0,1.69,2199.0,1999.0,1836.0,2802,2016,71.9,0,0,0,1,5,3,1,0,0,0,10
327,서울특별시 서대문구 신촌동,서대문구,신촌동,0.0,0.0,0.0,0.0,0.67,0.12,0.87,0.0,10.0,0.0,11.66,0.0,0.0,0.0,2802,2016,71.9,0,0,0,0,5,1,2,0,1,0,9
328,서울특별시 서대문구 봉원동,서대문구,봉원동,0.0,0.0,0.0,0.0,0.0,0.0,0.0,0.0,0.0,0.0,0.0,0.0,0.0,0.0,2802,2016,71.9,0,0,0,0,0,0,0,0,0,0,0
329,서울특별시 서대문구 창천동,서대문구,창천동,3.33,1.25,6.67,1.91,1.2,1.5,3.04,0.0,0.0,5.0,23.91,1990.86,1561.86,1401.86,2802,2016,71.9,1,1,2,9,9,12,7,0,0,1,42
330,서울특별시 서대문구 연희동,서대문구,연희동,0.0,0.0,3.33,1.28,2.0,1.75,0.87,0.0,0.0,0.0,9.23,1919.0,1556.83,1395.97,2802,2016,71.9,0,0,1,6,15,14,2,0,0,0,38
331,서울특별시 서대문구 홍은동,서대문구,홍은동,0.0,0.0,0.0,1.49,1.33,0.88,0.0,0.0,0.0,0.0,3.7,0.0,1552.78,1396.36,2802,2016,71.9,0,0,0,7,10,7,0,0,0,0,24
332,서울특별시 서대문구 북가좌동,서대문구,북가좌동,0.0,0.0,3.33,1.7,1.87,1.75,0.0,0.0,0.0,0.0,8.65,0.0,0.0,0.0,2802,2016,71.9,0,0,1,8,14,14,0,0,0,0,37
333,서울특별시 서대문구 남가좌동,서대문구,남가좌동,3.33,1.25,0.0,1.06,1.2,1.5,0.87,0.0,0.0,0.0,9.22,0.0,1538.36,1378.36,2802,2016,71.9,1,1,0,5,9,12,2,0,0,0,30
334,서울특별시 마포구,,,0.0,0.0,0.0,0.0,0.0,0.0,0.0,0.0,0.0,0.0,0.0,0.0,0.0,0.0,0,0,0.0,0,0,0,0,0,0,0,0,0,0,0
335,서울특별시 마포구 아현동,마포구,아현동,0.0,0.0,0.0,0.85,0.53,0.62,0.87,0.0,0.0,0.0,2.88,0.0,0.0,0.0,5172,3569,69.0,0,0,0,4,4,5,2,0,0,0,15
336,서울특별시 마포구 공덕동,마포구,공덕동,0.0,0.0,3.33,0.85,1.07,1.12,0.43,0.0,0.0,0.0,6.81,0.0,1898.0,1765.0,5172,3569,69.0,0,0,1,4,8,9,1,0,0,0,23
337,서울특별시 마포구 신공덕동,마포구,신공덕동,0.0,0.0,0.0,0.21,0.4,0.38,0.43,0.0,0.0,0.0,1.42,0.0,0.0,0.0,5172,3569,69.0,0,0,0,1,3,3,1,0,0,0,8
338,서울특별시 마포구 도화동,마포구,도화동,3.33,0.0,0.0,2.13,0.53,1.38,1.3,0.0,0.0,0.0,8.67,0.0,1989.0,1799.0,5172,3569,69.0,1,0,0,10,4,11,3,0,0,0,29
339,서울특별시 마포구 용강동,마포구,용강동,0.0,0.0,0.0,0.43,0.4,0.38,0.43,0.0,0.0,0.0,1.64,0.0,1697.0,1529.0,5172,3569,69.0,0,0,0,2,3,3,1,0,0,0,9
340,서울특별시 마포구 토정동,마포구,토정동,0.0,0.0,0.0,0.21,0.0,0.0,0.0,0.0,0.0,0.0,0.21,0.0,0.0,0.0,5172,3569,69.0,0,0,0,1,0,0,0,0,0,0,1
341,서울특별시 마포구 마포동,마포구,마포동,0.0,0.0,0.0,0.21,0.13,0.12,0.0,0.0,0.0,0.0,0.47,0.0,0.0,0.0,5172,3569,69.0,0,0,0,1,1,1,0,0,0,0,3
342,서울특별시 마포구 대흥동,마포구,대흥동,0.0,1.25,0.0,0.64,0.53,1.0,0.43,0.0,0.0,0.0,3.86,2192.0,1699.0,1542.0,5172,3569,69.0,0,1,0,3,4,8,1,0,0,0,17
343,서울특별시 마포구 염리동,마포구,염리동,0.0,0.0,0.0,0.64,0.67,0.12,0.43,0.0,0.0,0.0,1.86,0.0,0.0,0.0,5172,3569,69.0,0,0,0,3,5,1,1,0,0,0,10
344,서울특별시 마포구 노고산동,마포구,노고산동,0.0,1.25,0.0,0.85,0.8,0.75,0.43,0.0,0.0,0.0,4.09,0.0,0.0,0.0,5172,3569,69.0,0,1,0,4,6,6,1,0,0,0,18
345,서울특별시 마포구 신수동,마포구,신수동,0.0,0.0,0.0,0.85,0.4,0.75,0.87,0.0,0.0,0.0,2.87,0.0,0.0,0.0,5172,3569,69.0,0,0,0,4,3,6,2,0,0,0,15
346,서울특별시 마포구 현석동,마포구,현석동,0.0,0.0,0.0,0.0,0.13,0.38,0.0,0.0,0.0,0.0,0.51,0.0,0.0,0.0,5172,3569,69.0,0,0,0,0,1,3,0,0,0,0,4
347,서울특별시 마포구 구수동,마포구,구수동,0.0,0.0,0.0,0.0,0.0,0.12,0.0,0.0,0.0,0.0,0.12,0.0,0.0,0.0,5172,3569,69.0,0,0,0,0,0,1,0,0,0,0,1
348,서울특별시 마포구 창전동,마포구,창전동,0.0,0.0,0.0,0.85,0.27,1.0,0.43,0.0,0.0,0.0,2.55,2109.0,1939.0,1765.0,5172,3569,69.0,0,0,0,4,2,8,1,0,0,0,15
349,서울특별시 마포구 상수동,마포구,상수동,0.0,0.0,0.0,0.21,0.53,1.0,0.87,0.0,0.0,0.0,2.62,0.0,0.0,0.0,5172,3569,69.0,0,0,0,1,4,8,2,0,0,0,15
350,서울특별시 마포구 하중동,마포구,하중동,0.0,0.0,0.0,0.0,0.0,0.0,0.0,0.0,0.0,0.0,0.0,0.0,0.0,0.0,5172,3569,69.0,0,0,0,0,0,0,0,0,0,0,0
351,서울특별시 마포구 신정동,마포구,신정동,3.33,1.25,3.33,5.53,2.53,3.62,1.3,0.0,0.0,0.0,20.91,1900.94,1617.45,1465.38,5172,3569,69.0,1,1,1,26,19,29,3,0,0,0,80
352,서울특별시 마포구 당인동,마포구,당인동,0.0,0.0,0.0,0.21,0.0,0.0,0.0,0.0,0.0,0.0,0.21,0.0,0.0,0.0,5172,3569,69.0,0,0,0,1,0,0,0,0,0,0,1
353,서울특별시 마포구 서교동,마포구,서교동,3.33,1.25,3.33,5.11,2.67,2.12,3.48,5.0,0.0,0.0,26.29,0.0,0.0,0.0,5172,3569,69.0,1,1,1,24,20,17,8,1,0,0,73
354,서울특별시 마포구 동교동,마포구,동교동,3.33,0.0,3.33,1.49,0.8,0.88,1.3,5.0,10.0,5.0,31.14,0.0,0.0,0.0,5172,3569,69.0,1,0,1,7,6,7,3,1,1,1,28
355,서울특별시 마포구 합정동,마포구,합정동,0.0,0.0,0.0,1.06,0.93,1.38,0.43,0.0,0.0,0.0,3.81,0.0,1840.0,1670.0,5172,3569,69.0,0,0,0,5,7,11,1,0,0,0,24
356,서울특별시 마포구 망원동,마포구,망원동,3.33,1.25,0.0,1.91,1.47,1.5,0.0,0.0,0.0,0.0,9.46,0.0,1598.0,1478.0,5172,3569,69.0,1,1,0,9,11,12,0,0,0,0,34
357,서울특별시 마포구 연남동,마포구,연남동,0.0,0.0,0.0,1.06,0.93,1.5,0.0,0.0,0.0,0.0,3.5,0.0,0.0,0.0,5172,3569,69.0,0,0,0,5,7,12,0,0,0,0,24
358,서울특별시 마포구 성산동,마포구,성산동,0.0,0.0,0.0,1.49,1.6,2.75,0.0,0.0,10.0,0.0,15.84,2038.5,1650.25,1537.75,5172,3569,69.0,0,0,0,7,12,22,0,0,1,0,42
359,서울특별시 마포구 중동,마포구,중동,0.0,0.0,0.0,0.64,0.0,0.25,0.0,0.0,0.0,0.0,0.89,0.0,0.0,0.0,5172,3569,69.0,0,0,0,3,0,2,0,0,0,0,5
360,서울특별시 마포구 상암동,마포구,상암동,3.33,1.25,6.67,1.91,2.13,1.62,2.17,0.0,0.0,0.0,19.1,0.0,0.0,0.0,5172,3569,69.0,1,1,2,9,16,13,5,0,0,0,47
361,서울특별시 양천구,,,0.0,0.0,0.0,0.0,0.0,0.0,0.0,0.0,0.0,0.0,0.0,0.0,0.0,0.0,0,0,0.0,0,0,0,0,0,0,0,0,0,0,0
362,서울특별시 양천구 신정동,양천구,신정동,3.33,1.25,3.33,5.53,2.53,3.62,1.3,0.0,0.0,0.0,20.91,1900.94,1617.45,1465.38,3515,2459,70.0,1,1,1,26,19,29,3,0,0,0,80
363,서울특별시 양천구 목동,양천구,목동,3.33,3.75,10.0,4.26,4.4,3.88,4.35,0.0,10.0,5.0,48.96,1769.76,1536.31,1392.62,3515,2459,70.0,1,3,3,20,33,31,10,0,1,1,103
364,서울특별시 양천구 신월동,양천구,신월동,6.67,1.25,3.33,2.13,3.2,3.62,0.43,0.0,0.0,0.0,20.64,1666.14,1514.97,1353.52,3515,2459,70.0,2,1,1,10,24,29,1,0,0,0,68
365,서울특별시 강서구,,,0.0,0.0,0.0,0.0,0.0,0.0,0.0,0.0,0.0,0.0,0.0,0.0,0.0,0.0,0,0,0.0,0,0,0,0,0,0,0,0,0,0,0
366,서울특별시 강서구 염창동,강서구,염창동,3.33,1.25,0.0,1.06,1.47,1.25,0.43,0.0,0.0,0.0,8.8,1695.0,1673.5,1523.0,4629,3469,74.9,1,1,0,5,11,10,1,0,0,0,29
367,서울특별시 강서구 등촌동,강서구,등촌동,3.33,3.75,0.0,3.19,2.53,2.25,1.3,5.0,0.0,5.0,26.36,0.0,1545.57,1403.36,4629,3469,74.9,1,3,0,15,19,18,3,1,0,1,61
368,서울특별시 강서구 화곡동,강서구,화곡동,3.33,1.25,3.33,8.09,6.53,6.62,1.3,0.0,10.0,0.0,40.46,1685.91,1498.86,1348.77,4629,3469,74.9,1,1,1,38,49,53,3,0,1,0,147
369,서울특별시 강서구 가양동,강서구,가양동,0.0,0.0,3.33,0.43,1.2,1.25,0.0,0.0,0.0,0.0,6.21,1742.0,1543.61,1395.18,4629,3469,74.9,0,0,1,2,9,10,0,0,0,0,22
370,서울특별시 강서구 마곡동,강서구,마곡동,0.0,2.5,3.33,3.62,3.87,3.62,2.17,0.0,10.0,0.0,29.12,1769.0,1536.28,1383.28,4629,3469,74.9,0,2,1,17,29,29,5,0,1,0,84
371,서울특별시 강서구 내발산동,강서구,내발산동,0.0,0.0,3.33,1.28,1.2,1.25,0.43,0.0,0.0,0.0,7.49,1718.0,1488.47,1362.81,4629,3469,74.9,0,0,1,6,9,10,1,0,0,0,27
372,서울특별시 강서구 외발산동,강서구,외발산동,0.0,0.0,0.0,0.0,0.27,0.0,0.0,0.0,0.0,0.0,0.27,1868.0,1491.5,1349.43,4629,3469,74.9,0,0,0,0,2,0,0,0,0,0,2
373,서울특별시 강서구 공항동,강서구,공항동,3.33,3.75,0.0,1.06,1.2,1.38,0.0,0.0,0.0,0.0,10.72,0.0,1561.71,1407.21,4629,3469,74.9,1,3,0,5,9,11,0,0,0,0,29
374,서울특별시 강서구 방화동,강서구,방화동,0.0,3.75,0.0,3.19,2.4,1.88,0.43,5.0,0.0,0.0,16.65,1645.0,1566.75,1386.75,4629,3469,74.9,0,3,0,15,18,15,1,1,0,0,53
375,서울특별시 강서구 개화동,강서구,개화동,0.0,0.0,0.0,0.21,0.13,0.12,0.0,0.0,0.0,0.0,0.47,0.0,1497.0,1337.0,4629,3469,74.9,0,0,0,1,1,1,0,0,0,0,3
376,서울특별시 강서구 과해동,강서구,과해동,0.0,0.0,0.0,0.0,0.27,0.0,0.0,0.0,0.0,0.0,0.27,0.0,0.0,0.0,4629,3469,74.9,0,0,0,0,2,0,0,0,0,0,2
377,서울특별시 강서구 오곡동,강서구,오곡동,0.0,0.0,0.0,0.0,0.13,0.0,0.0,0.0,0.0,0.0,0.13,0.0,1592.5,1403.72,4629,3469,74.9,0,0,0,0,1,0,0,0,0,0,1
378,서울특별시 강서구 오쇠동,강서구,오쇠동,0.0,0.0,0.0,0.0,0.0,0.0,0.0,0.0,0.0,0.0,0.0,0.0,0.0,0.0,4629,3469,74.9,0,0,0,0,0,0,0,0,0,0,0
379,서울특별시 구로구,,,0.0,0.0,0.0,0.0,0.0,0.0,0.0,0.0,0.0,0.0,0.0,0.0,0.0,0.0,0,0,0.0,0,0,0,0,0,0,0,0,0,0,0
380,서울특별시 구로구 신도림동,구로구,신도림동,3.33,1.25,0.0,1.06,0.8,1.0,1.3,5.0,0.0,0.0,13.75,1728.0,1539.0,1339.0,4810,3338,69.4,1,1,0,5,6,8,3,1,0,0,25
381,서울특별시 구로구 구로동,구로구,구로동,6.67,2.5,10.0,5.53,5.73,5.38,2.61,0.0,0.0,5.0,43.42,1755.71,1637.82,1464.89,4810,3338,69.4,2,2,3,26,43,43,6,0,0,1,126
382,서울특별시 구로구 가리봉동,구로구,가리봉동,0.0,0.0,0.0,0.43,0.53,0.25,0.0,0.0,0.0,0.0,1.21,0.0,1579.0,1377.0,4810,3338,69.4,0,0,0,2,4,2,0,0,0,0,8
383,서울특별시 구로구 고척동,구로구,고척동,3.33,1.25,0.0,1.7,1.07,1.75,0.0,0.0,0.0,0.0,9.1,0.0,1530.86,1375.86,4810,3338,69.4,1,1,0,8,8,14,0,0,0,0,32
384,서울특별시 구로구 개봉동,구로구,개봉동,0.0,1.25,3.33,1.7,1.33,1.62,0.0,0.0,0.0,0.0,9.24,0.0,1542.5,1391.78,4810,3338,69.4,0,1,1,8,10,13,0,0,0,0,33
385,서울특별시 구로구 오류동,구로구,오류동,0.0,2.5,0.0,1.7,1.33,2.12,0.43,0.0,0.0,0.0,8.1,0.0,1618.93,1483.86,4810,3338,69.4,0,2,0,8,10,17,1,0,0,0,38
386,서울특별시 구로구 궁동,구로구,궁동,0.0,0.0,0.0,0.43,0.27,0.38,0.0,0.0,0.0,0.0,1.07,0.0,1498.0,1339.0,4810,3338,69.4,0,0,0,2,2,3,0,0,0,0,7
387,서울특별시 구로구 온수동,구로구,온수동,0.0,0.0,0.0,0.0,0.67,0.75,0.0,0.0,0.0,0.0,1.42,0.0,1513.0,1355.5,4810,3338,69.4,0,0,0,0,5,6,0,0,0,0,11
388,서울특별시 구로구 천왕동,구로구,천왕동,0.0,0.0,0.0,0.0,0.0,0.25,0.0,0.0,0.0,0.0,0.25,0.0,0.0,0.0,4810,3338,69.4,0,0,0,0,0,2,0,0,0,0,2
389,서울특별시 구로구 항동,구로구,항동,0.0,0.0,0.0,0.21,0.13,0.25,0.0,0.0,0.0,0.0,0.6,0.0,1498.0,1334.0,4810,3338,69.4,0,0,0,1,1,2,0,0,0,0,4
390,서울특별시 금천구,,,0.0,0.0,0.0,0.0,0.0,0.0,0.0,0.0,0.0,0.0,0.0,0.0,0.0,0.0,0,0,0.0,0,0,0,0,0,0,0,0,0,0,0
391,서울특별시 금천구 가산동,금천구,가산동,10.0,1.25,10.0,3.19,4.0,3.5,3.04,5.0,0.0,0.0,39.98,0.0,1496.43,1346.43,3293,2567,78.0,3,1,3,15,30,28,7,1,0,0,88
392,서울특별시 금천구 독산동,금천구,독산동,0.0,1.25,3.33,3.19,3.33,3.75,0.87,5.0,0.0,0.0,20.73,0.0,1561.74,1417.98,3293,2567,78.0,0,1,1,15,25,30,2,1,0,0,75
393,서울특별시 금천구 시흥동,금천구,시흥동,3.33,1.25,0.0,2.13,2.93,3.12,0.43,0.0,0.0,0.0,13.2,1674.71,1528.26,1381.22,3293,2567,78.0,1,1,0,10,22,25,1,0,0,0,60
394,서울특별시 영등포구,,,0.0,0.0,0.0,0.0,0.0,0.0,0.0,0.0,0.0,0.0,0.0,0.0,0.0,0.0,0,0,0.0,0,0,0,0,0,0,0,0,0,0,0
395,서울특별시 영등포구 영등포동,영등포구,영등포동,0.0,2.5,0.0,1.06,0.27,0.5,0.0,10.0,0.0,0.0,14.33,0.0,1559.0,1389.0,5840,3922,67.2,0,2,0,5,2,4,0,2,0,0,15
396,서울특별시 영등포구 영등포동1가,영등포구,영등포동1가,0.0,0.0,0.0,0.43,0.4,0.25,0.43,0.0,0.0,0.0,1.51,0.0,0.0,0.0,5840,3922,67.2,0,0,0,2,3,2,1,0,0,0,8
397,서울특별시 영등포구 영등포동2가,영등포구,영등포동2가,0.0,0.0,0.0,0.21,0.4,0.12,0.0,0.0,0.0,0.0,0.74,0.0,0.0,0.0,5840,3922,67.2,0,0,0,1,3,1,0,0,0,0,5
398,서울특별시 영등포구 영등포동3가,영등포구,영등포동3가,3.33,0.0,0.0,1.28,0.4,0.5,0.43,0.0,0.0,0.0,5.94,0.0,0.0,0.0,5840,3922,67.2,1,0,0,6,3,4,1,0,0,0,15
399,서울특별시 영등포구 영등포동4가,영등포구,영등포동4가,0.0,1.25,0.0,0.43,0.13,0.88,1.74,0.0,0.0,5.0,9.42,0.0,0.0,0.0,5840,3922,67.2,0,1,0,2,1,7,4,0,0,1,16
400,서울특별시 영등포구 영등포동5가,영등포구,영등포동5가,0.0,0.0,0.0,0.21,0.13,0.12,0.0,0.0,0.0,0.0,0.47,0.0,0.0,0.0,5840,3922,67.2,0,0,0,1,1,1,0,0,0,0,3
401,서울특별시 영등포구 영등포동6가,영등포구,영등포동6가,0.0,0.0,0.0,0.0,0.13,0.25,0.0,0.0,0.0,0.0,0.38,0.0,0.0,0.0,5840,3922,67.2,0,0,0,0,1,2,0,0,0,0,3
402,서울특별시 영등포구 영등포동7가,영등포구,영등포동7가,0.0,0.0,0.0,0.21,0.67,0.25,0.0,0.0,0.0,0.0,1.13,0.0,1659.0,1520.0,5840,3922,67.2,0,0,0,1,5,2,0,0,0,0,8
403,서울특별시 영등포구 영등포동8가,영등포구,영등포동8가,0.0,0.0,3.33,0.43,0.27,0.0,0.43,0.0,0.0,0.0,4.46,0.0,0.0,0.0,5840,3922,67.2,0,0,1,2,2,0,1,0,0,0,6
404,서울특별시 영등포구 여의도동,영등포구,여의도동,3.33,2.5,3.33,4.26,2.93,3.25,8.26,0.0,0.0,5.0,32.87,2064.0,1915.8,1747.0,5840,3922,67.2,1,2,1,20,22,26,19,0,0,1,92
405,서울특별시 영등포구 당산동1가,영등포구,당산동1가,0.0,0.0,0.0,0.64,0.13,0.38,0.0,0.0,0.0,0.0,1.15,1749.0,1550.43,1430.43,5840,3922,67.2,0,0,0,3,1,3,0,0,0,0,7
406,서울특별시 영등포구 당산동2가,영등포구,당산동2가,0.0,0.0,0.0,0.0,0.27,0.5,0.0,0.0,0.0,0.0,0.77,0.0,0.0,0.0,5840,3922,67.2,0,0,0,0,2,4,0,0,0,0,6
407,서울특별시 영등포구 당산동3가,영등포구,당산동3가,0.0,0.0,0.0,0.64,0.8,0.75,0.0,0.0,0.0,0.0,2.19,0.0,0.0,0.0,5840,3922,67.2,0,0,0,3,6,6,0,0,0,0,15
408,서울특별시 영등포구 당산동4가,영등포구,당산동4가,0.0,0.0,0.0,0.0,0.27,0.75,0.0,0.0,0.0,0.0,1.02,0.0,0.0,0.0,5840,3922,67.2,0,0,0,0,2,6,0,0,0,0,8
409,서울특별시 영등포구 당산동5가,영등포구,당산동5가,0.0,0.0,0.0,0.21,0.4,0.75,0.0,0.0,0.0,0.0,1.36,0.0,0.0,0.0,5840,3922,67.2,0,0,0,1,3,6,0,0,0,0,10
410,서울특별시 영등포구 당산동6가,영등포구,당산동6가,0.0,0.0,3.33,0.64,0.4,0.62,1.3,0.0,0.0,0.0,6.3,0.0,0.0,0.0,5840,3922,67.2,0,0,1,3,3,5,3,0,0,0,15
411,서울특별시 영등포구 당산동,영등포구,당산동,0.0,0.0,0.0,0.0,0.4,0.5,0.0,0.0,0.0,0.0,0.9,2029.0,1911.43,1780.0,5840,3922,67.2,0,0,0,0,3,4,0,0,0,0,7
412,서울특별시 영등포구 도림동,영등포구,도림동,0.0,0.0,0.0,0.64,0.53,0.5,0.0,0.0,0.0,0.0,1.67,0.0,1509.0,1339.0,5840,3922,67.2,0,0,0,3,4,4,0,0,0,0,11
413,서울특별시 영등포구 문래동1가,영등포구,문래동1가,0.0,0.0,0.0,0.0,0.0,0.12,0.0,0.0,0.0,0.0,0.12,0.0,0.0,0.0,5840,3922,67.2,0,0,0,0,0,1,0,0,0,0,1
414,서울특별시 영등포구 문래동2가,영등포구,문래동2가,0.0,0.0,0.0,0.0,0.13,0.25,0.0,0.0,0.0,0.0,0.38,1706.14,1550.43,1399.0,5840,3922,67.2,0,0,0,0,1,2,0,0,0,0,3
415,서울특별시 영등포구 문래동3가,영등포구,문래동3가,0.0,1.25,0.0,0.21,0.8,1.0,1.3,0.0,0.0,0.0,4.57,0.0,1684.5,1524.5,5840,3922,67.2,0,1,0,1,6,8,3,0,0,0,19
416,서울특별시 영등포구 문래동4가,영등포구,문래동4가,0.0,0.0,0.0,0.0,0.13,0.12,0.0,0.0,0.0,0.0,0.26,0.0,0.0,0.0,5840,3922,67.2,0,0,0,0,1,1,0,0,0,0,2
417,서울특별시 영등포구 문래동5가,영등포구,문래동5가,0.0,0.0,0.0,0.21,0.13,0.25,0.0,0.0,0.0,0.0,0.6,0.0,0.0,0.0,5840,3922,67.2,0,0,0,1,1,2,0,0,0,0,4
418,서울특별시 영등포구 문래동6가,영등포구,문래동6가,0.0,0.0,0.0,0.64,0.0,0.25,0.0,0.0,0.0,0.0,0.89,0.0,0.0,0.0,5840,3922,67.2,0,0,0,3,0,2,0,0,0,0,5
419,서울특별시 영등포구 양평동1가,영등포구,양평동1가,0.0,0.0,0.0,0.0,0.13,0.12,0.0,0.0,0.0,0.0,0.26,0.0,1626.14,1510.43,5840,3922,67.2,0,0,0,0,1,1,0,0,0,0,2
420,서울특별시 영등포구 양평동2가,영등포구,양평동2가,0.0,0.0,0.0,0.43,0.4,0.38,0.0,0.0,0.0,0.0,1.2,0.0,0.0,0.0,5840,3922,67.2,0,0,0,2,3,3,0,0,0,0,8
421,서울특별시 영등포구 양평동3가,영등포구,양평동3가,3.33,1.25,3.33,0.85,0.4,0.5,0.0,0.0,0.0,0.0,9.67,0.0,1570.29,1434.29,5840,3922,67.2,1,1,1,4,3,4,0,0,0,0,14
422,서울특별시 영등포구 양평동4가,영등포구,양평동4가,0.0,0.0,0.0,0.43,0.4,0.75,0.87,0.0,0.0,0.0,2.45,0.0,1607.5,1464.5,5840,3922,67.2,0,0,0,2,3,6,2,0,0,0,13
423,서울특별시 영등포구 양평동5가,영등포구,양평동5가,0.0,0.0,0.0,0.64,0.4,0.5,0.0,0.0,0.0,0.0,1.54,0.0,1566.0,1430.0,5840,3922,67.2,0,0,0,3,3,4,0,0,0,0,10
424,서울특별시 영등포구 양평동6가,영등포구,양평동6가,0.0,0.0,0.0,0.21,0.0,0.12,0.0,0.0,0.0,0.0,0.34,0.0,0.0,0.0,5840,3922,67.2,0,0,0,1,0,1,0,0,0,0,2
425,서울특별시 영등포구 양화동,영등포구,양화동,0.0,0.0,0.0,0.0,0.0,0.62,0.0,0.0,0.0,0.0,0.62,0.0,0.0,0.0,5840,3922,67.2,0,0,0,0,0,5,0,0,0,0,5
426,서울특별시 영등포구 신길동,영등포구,신길동,3.33,1.25,0.0,1.7,1.73,3.5,0.43,0.0,0.0,0.0,11.95,1661.78,1529.57,1382.0,5840,3922,67.2,1,1,0,8,13,28,1,0,0,0,52
427,서울특별시 영등포구 대림동,영등포구,대림동,0.0,1.25,0.0,1.7,2.0,2.75,0.0,0.0,0.0,0.0,7.7,0.0,1531.5,1379.0,5840,3922,67.2,0,1,0,8,15,22,0,0,0,0,46
428,서울특별시 영등포구 양평동,영등포구,양평동,0.0,0.0,0.0,0.0,0.0,0.0,0.0,0.0,0.0,0.0,0.0,0.0,0.0,0.0,5840,3922,67.2,0,0,0,0,0,0,0,0,0,0,0
429,서울특별시 동작구,,,0.0,0.0,0.0,0.0,0.0,0.0,0.0,0.0,0.0,0.0,0.0,0.0,0.0,0.0,0,0,0.0,0,0,0,0,0,0,0,0,0,0,0
430,서울특별시 동작구 노량진동,동작구,노량진동,3.33,1.25,3.33,1.7,2.13,2.12,0.43,0.0,0.0,0.0,14.31,0.0,1583.29,1453.29,3100,2090,67.4,1,1,1,8,16,17,1,0,0,0,45
431,서울특별시 동작구 상도동,동작구,상도동,3.33,1.25,0.0,2.77,2.27,3.5,1.3,0.0,0.0,0.0,14.42,1756.14,1584.78,1465.5,3100,2090,67.4,1,1,0,13,17,28,3,0,0,0,63
432,서울특별시 동작구 상도1동,동작구,상도1동,0.0,0.0,0.0,0.85,0.67,0.75,0.0,0.0,0.0,0.0,2.27,0.0,0.0,0.0,3100,2090,67.4,0,0,0,4,5,6,0,0,0,0,15
433,서울특별시 동작구 본동,동작구,본동,0.0,0.0,0.0,0.0,0.4,0.25,0.0,0.0,0.0,0.0,0.65,0.0,0.0,0.0,3100,2090,67.4,0,0,0,0,3,2,0,0,0,0,5
434,서울특별시 동작구 흑석동,동작구,흑석동,3.33,1.25,0.0,1.28,1.07,0.75,0.43,0.0,0.0,0.0,8.11,0.0,1668.14,1528.14,3100,2090,67.4,1,1,0,6,8,6,1,0,0,0,23
435,서울특별시 동작구 동작동,동작구,동작동,0.0,0.0,0.0,0.0,0.13,0.25,0.0,0.0,0.0,0.0,0.38,0.0,0.0,0.0,3100,2090,67.4,0,0,0,0,1,2,0,0,0,0,3
436,서울특별시 동작구 사당동,동작구,사당동,3.33,2.5,3.33,4.04,1.87,3.75,1.3,0.0,10.0,0.0,30.13,0.0,1581.5,1441.78,3100,2090,67.4,1,2,1,19,14,30,3,0,1,0,71
437,서울특별시 동작구 대방동,동작구,대방동,0.0,0.0,3.33,1.49,0.53,1.38,0.0,0.0,0.0,0.0,6.73,1728.57,1552.57,1422.57,3100,2090,67.4,0,0,1,7,4,11,0,0,0,0,23
438,서울특별시 동작구 신대방동,동작구,신대방동,0.0,1.25,0.0,0.85,1.87,1.12,0.43,0.0,0.0,0.0,5.53,1865.0,1595.0,1475.0,3100,2090,67.4,0,1,0,4,14,9,1,0,0,0,29
439,서울특별시 관악구,,,0.0,0.0,0.0,0.0,0.0,0.0,0.0,0.0,0.0,0.0,0.0,0.0,0.0,0.0,0,0,0.0,0,0,0,0,0,0,0,0,0,0,0
440,서울특별시 관악구 봉천동,관악구,봉천동,0.0,3.75,10.0,8.3,6.8,8.38,2.17,5.0,0.0,0.0,44.4,1867.76,1582.49,1453.1,5026,3653,72.7,0,3,3,39,51,67,5,1,0,0,169
441,서울특별시 관악구 신림동,관악구,신림동,3.33,2.5,3.33,8.51,10.0,8.88,1.74,5.0,0.0,0.0,43.29,1739.71,1584.45,1444.22,5026,3653,72.7,1,2,1,40,75,71,4,1,0,0,195
442,서울특별시 관악구 남현동,관악구,남현동,0.0,1.25,0.0,1.28,0.53,0.75,0.43,0.0,0.0,0.0,4.24,0.0,1586.14,1446.14,5026,3653,72.7,0,1,0,6,4,6,1,0,0,0,18
443,서울특별시 서초구,,,0.0,0.0,0.0,0.0,0.0,0.0,0.0,0.0,0.0,0.0,0.0,0.0,0.0,0.0,0,0,0.0,0,0,0,0,0,0,0,0,0,0,0
444,서울특별시 서초구 방배동,서초구,방배동,0.0,1.25,6.67,3.83,3.33,3.5,3.48,0.0,0.0,0.0,22.06,1917.6,1657.55,1532.23,4726,3183,67.4,0,1,2,18,25,28,8,0,0,0,82
445,서울특별시 서초구 양재동,서초구,양재동,6.67,1.25,3.33,4.47,1.2,2.62,0.87,0.0,0.0,0.0,20.41,1900.1,1634.0,1480.88,4726,3183,67.4,2,1,1,21,9,21,2,0,0,0,57
446,서울특별시 서초구 우면동,서초구,우면동,0.0,0.0,0.0,0.21,0.8,0.62,0.0,0.0,0.0,0.0,1.64,0.0,1566.07,1415.57,4726,3183,67.4,0,0,0,1,6,5,0,0,0,0,12
447,서울특별시 서초구 원지동,서초구,원지동,0.0,0.0,0.0,0.0,0.0,0.12,0.0,0.0,0.0,0.0,0.12,0.0,1502.29,1337.29,4726,3183,67.4,0,0,0,0,0,1,0,0,0,0,1
448,서울특별시 서초구 잠원동,서초구,잠원동,0.0,0.0,3.33,1.28,1.33,1.88,1.74,0.0,0.0,0.0,9.56,1797.0,1647.0,1527.0,4726,3183,67.4,0,0,1,6,10,15,4,0,0,0,36
449,서울특별시 서초구 반포동,서초구,반포동,0.0,1.25,6.67,3.19,1.73,2.25,3.04,0.0,10.0,0.0,28.13,1798.5,1622.5,1511.78,4726,3183,67.4,0,1,2,15,13,18,7,0,1,0,57
450,서울특별시 서초구 서초동,서초구,서초동,10.0,1.25,3.33,7.87,6.53,6.0,8.7,0.0,10.0,0.0,53.68,1908.81,1704.1,1568.92,4726,3183,67.4,3,1,1,37,49,48,20,0,1,0,160
451,서울특별시 서초구 내곡동,서초구,내곡동,0.0,0.0,0.0,0.0,0.13,0.38,0.0,0.0,0.0,0.0,0.51,1771.78,1638.57,1482.57,4726,3183,67.4,0,0,0,0,1,3,0,0,0,0,4
452,서울특별시 서초구 염곡동,서초구,염곡동,0.0,0.0,0.0,0.0,0.13,0.0,0.0,0.0,0.0,0.0,0.13,0.0,0.0,0.0,4726,3183,67.4,0,0,0,0,1,0,0,0,0,0,1
453,서울특별시 서초구 신원동,서초구,신원동,0.0,0.0,0.0,0.43,0.27,0.25,0.43,0.0,0.0,0.0,1.38,0.0,0.0,0.0,4726,3183,67.4,0,0,0,2,2,2,1,0,0,0,7
454,서울특별시 강남구,,,0.0,0.0,0.0,0.0,0.0,0.0,0.0,0.0,0.0,0.0,0.0,0.0,0.0,0.0,0,0,0.0,0,0,0,0,0,0,0,0,0,0,0
455,서울특별시 강남구 역삼동,강남구,역삼동,6.67,3.75,10.0,10.0,6.4,10.0,10.0,0.0,10.0,5.0,71.82,1889.02,1715.88,1589.81,7513,5196,69.2,2,3,3,47,48,80,23,0,1,1,208
456,서울특별시 강남구 개포동,강남구,개포동,0.0,1.25,0.0,3.19,0.8,1.38,0.0,0.0,0.0,0.0,6.62,2045.0,1801.07,1625.07,7513,5196,69.2,0,1,0,15,6,11,0,0,0,0,33
457,서울특별시 강남구 청담동,강남구,청담동,3.33,0.0,6.67,1.28,2.13,2.5,2.61,0.0,0.0,0.0,18.52,2124.19,1882.71,1770.0,7513,5196,69.2,1,0,2,6,16,20,6,0,0,0,51
458,서울특별시 강남구 삼성동,강남구,삼성동,10.0,0.0,3.33,3.19,3.2,4.12,4.35,0.0,10.0,0.0,38.2,2111.97,1907.97,1775.09,7513,5196,69.2,3,0,1,15,24,33,10,0,1,0,87
459,서울특별시 강남구 대치동,강남구,대치동,3.33,0.0,6.67,5.96,3.33,4.38,4.35,0.0,0.0,0.0,28.01,2043.95,1864.62,1705.95,7513,5196,69.2,1,0,2,28,25,35,10,0,0,0,101
460,서울특별시 강남구 신사동,강남구,신사동,6.67,0.0,3.33,4.68,3.6,4.5,3.48,0.0,0.0,10.0,36.26,1946.26,1691.91,1542.12,7513,5196,69.2,2,0,1,22,27,36,8,0,0,2,98
461,서울특별시 강남구 논현동,강남구,논현동,10.0,1.25,10.0,5.32,4.53,6.12,3.91,5.0,0.0,0.0,46.14,2074.86,1874.5,1725.22,7513,5196,69.2,3,1,3,25,34,49,9,1,0,0,125
462,서울특별시 강남구 압구정동,강남구,압구정동,0.0,0.0,0.0,0.0,0.27,0.88,0.0,0.0,0.0,0.0,1.14,0.0,0.0,0.0,7513,5196,69.2,0,0,0,0,2,7,0,0,0,0,9
463,서울특별시 강남구 세곡동,강남구,세곡동,0.0,1.25,0.0,0.21,0.27,0.38,0.0,0.0,0.0,0.0,2.1,0.0,1557.5,1414.0,7513,5196,69.2,0,1,0,1,2,3,0,0,0,0,7
464,서울특별시 강남구 자곡동,강남구,자곡동,0.0,0.0,0.0,0.0,0.53,0.75,0.0,0.0,0.0,0.0,1.28,0.0,1592.22,1445.93,7513,5196,69.2,0,0,0,0,4,6,0,0,0,0,10
465,서울특별시 강남구 율현동,강남구,율현동,0.0,0.0,0.0,0.0,0.13,0.12,0.0,0.0,0.0,0.0,0.26,0.0,0.0,0.0,7513,5196,69.2,0,0,0,0,1,1,0,0,0,0,2
466,서울특별시 강남구 일원동,강남구,일원동,0.0,1.25,0.0,0.85,1.33,0.75,0.0,0.0,0.0,0.0,4.18,2099.0,1763.28,1594.0,7513,5196,69.2,0,1,0,4,10,6,0,0,0,0,21
467,서울특별시 강남구 수서동,강남구,수서동,0.0,1.25,3.33,1.49,0.67,0.5,0.87,0.0,0.0,0.0,8.11,1963.71,1633.71,1463.71,7513,5196,69.2,0,1,1,7,5,4,2,0,0,0,20
468,서울특별시 강남구 도곡동,강남구,도곡동,0.0,0.0,3.33,2.34,1.73,1.62,1.3,0.0,0.0,0.0,10.34,1884.4,1698.28,1548.71,7513,5196,69.2,0,0,1,11,13,13,3,0,0,0,41
469,서울특별시 송파구,,,0.0,0.0,0.0,0.0,0.0,0.0,0.0,0.0,0.0,0.0,0.0,0.0,0.0,0.0,0,0,0.0,0,0,0,0,0,0,0,0,0,0,0
470,서울특별시 송파구 잠실동,송파구,잠실동,3.33,10.0,3.33,4.47,2.27,4.12,1.3,0.0,0.0,0.0,28.83,1744.5,1538.14,1400.14,5807,4051,69.8,1,8,1,21,17,33,3,0,0,0,84
471,서울특별시 송파구 신천동,송파구,신천동,3.33,3.75,0.0,2.55,1.33,0.5,1.74,5.0,0.0,0.0,18.21,0.0,0.0,0.0,5807,4051,69.8,1,3,0,12,10,4,4,1,0,0,35
472,서울특별시 송파구 풍납동,송파구,풍납동,0.0,0.0,0.0,0.85,0.4,1.25,0.0,0.0,0.0,0.0,2.5,0.0,1799.0,1629.0,5807,4051,69.8,0,0,0,4,3,10,0,0,0,0,17
473,서울특별시 송파구 송파동,송파구,송파동,3.33,1.25,3.33,1.7,1.07,1.5,1.3,0.0,0.0,0.0,13.49,1707.0,1573.07,1432.72,5807,4051,69.8,1,1,1,8,8,12,3,0,0,0,34
474,서울특별시 송파구 석촌동,송파구,석촌동,0.0,0.0,0.0,2.34,1.07,1.62,0.43,0.0,0.0,0.0,5.47,1747.0,1561.69,1422.83,5807,4051,69.8,0,0,0,11,8,13,1,0,0,0,33
475,서울특별시 송파구 삼전동,송파구,삼전동,0.0,1.25,0.0,1.49,0.93,1.38,0.43,0.0,0.0,0.0,5.48,1747.0,1541.67,1403.67,5807,4051,69.8,0,1,0,7,7,11,1,0,0,0,27
476,서울특별시 송파구 가락동,송파구,가락동,3.33,0.0,0.0,2.98,2.0,2.25,1.74,0.0,0.0,0.0,12.3,1852.72,1615.57,1486.04,5807,4051,69.8,1,0,0,14,15,18,4,0,0,0,52
477,서울특별시 송파구 문정동,송파구,문정동,0.0,5.0,6.67,4.47,3.2,3.25,2.61,0.0,10.0,5.0,40.19,1778.0,1578.0,1438.0,5807,4051,69.8,0,4,2,21,24,26,6,0,1,1,85
478,서울특별시 송파구 장지동,송파구,장지동,3.33,1.25,3.33,1.7,0.4,1.0,0.43,0.0,0.0,0.0,11.45,1769.33,1576.88,1431.62,5807,4051,69.8,1,1,1,8,3,8,1,0,0,0,23
479,서울특별시 송파구 방이동,송파구,방이동,0.0,1.25,6.67,2.77,2.27,3.25,2.17,0.0,0.0,0.0,18.37,1760.0,1615.19,1465.67,5807,4051,69.8,0,1,2,13,17,26,5,0,0,0,64
480,서울특별시 송파구 오금동,송파구,오금동,0.0,1.25,0.0,1.91,1.2,0.88,0.43,0.0,0.0,0.0,5.67,1889.0,1582.24,1462.62,5807,4051,69.8,0,1,0,9,9,7,1,0,0,0,27
481,서울특별시 송파구 거여동,송파구,거여동,0.0,0.0,3.33,0.85,0.8,0.88,0.0,0.0,0.0,0.0,5.86,0.0,1592.0,1441.28,5807,4051,69.8,0,0,1,4,6,7,0,0,0,0,18
482,서울특별시 송파구 마천동,송파구,마천동,0.0,1.25,0.0,0.64,0.8,0.62,0.0,0.0,0.0,0.0,3.31,0.0,1542.64,1394.57,5807,4051,69.8,0,1,0,3,6,5,0,0,0,0,15
483,서울특별시 강동구,,,0.0,0.0,0.0,0.0,0.0,0.0,0.0,0.0,0.0,0.0,0.0,0.0,0.0,0.0,0,0,0.0,0,0,0,0,0,0,0,0,0,0,0
484,서울특별시 강동구 명일동,강동구,명일동,0.0,1.25,3.33,1.28,1.33,1.12,0.87,0.0,0.0,0.0,9.19,1899.0,1649.0,1488.0,3919,2789,71.2,0,1,1,6,10,9,2,0,0,0,29
485,서울특별시 강동구 고덕동,강동구,고덕동,0.0,0.0,0.0,0.43,0.53,0.38,0.0,0.0,0.0,0.0,1.33,0.0,0.0,0.0,3919,2789,71.2,0,0,0,2,4,3,0,0,0,0,9
486,서울특별시 강동구 상일동,강동구,상일동,3.33,1.25,0.0,1.06,0.4,0.5,0.43,0.0,0.0,0.0,6.98,0.0,1581.71,1404.71,3919,2789,71.2,1,1,0,5,3,4,1,0,0,0,15
487,서울특별시 강동구 길동,강동구,길동,0.0,0.0,3.33,3.19,1.73,1.62,0.87,0.0,0.0,0.0,10.75,2268.0,1993.0,1797.0,3919,2789,71.2,0,0,1,15,13,13,2,0,0,0,44
488,서울특별시 강동구 둔촌동,강동구,둔촌동,3.33,0.0,0.0,0.85,0.67,0.88,0.0,0.0,0.0,0.0,5.73,1887.07,1637.07,1487.07,3919,2789,71.2,1,0,0,4,5,7,0,0,0,0,17
489,서울특별시 강동구 암사동,강동구,암사동,0.0,1.25,0.0,1.06,1.73,1.75,0.43,0.0,0.0,0.0,6.23,1912.07,1643.38,1482.62,3919,2789,71.2,0,1,0,5,13,14,1,0,0,0,34
490,서울특별시 강동구 성내동,강동구,성내동,3.33,1.25,10.0,2.55,2.67,3.0,1.74,5.0,10.0,0.0,39.54,1796.0,1603.75,1467.96,3919,2789,71.2,1,1,3,12,20,24,4,1,1,0,67
491,서울특별시 강동구 천호동,강동구,천호동,3.33,1.25,0.0,4.68,2.93,3.12,0.87,0.0,0.0,5.0,21.19,0.0,1628.5,1483.0,3919,2789,71.2,1,1,0,22,22,25,2,0,0,1,74
492,서울특별시 강동구 강일동,강동구,강일동,0.0,1.25,0.0,0.64,0.53,0.62,0.0,0.0,0.0,0.0,3.05,0.0,1628.0,1498.0,3919,2789,71.2,0,1,0,3,4,5,0,0,0,0,13
